MatrixXd x(76, 1);
x <<
1.1792531829416194e-04,
9.9999974181731666e-01,
1.5343852067031233e-04,
-6.9203723973464181e-04,
-1.5268767414635491e-04,
-3.8060148884905314e-04,
1.5022243146290049e-01,
-8.4324828915973880e-04,
-9.5792211247876214e-04,
3.8097059109357123e-05,
2.6101962649417552e-04,
2.1944908827173872e-04,
-3.0534123295812766e-04,
4.5712232430084765e-02,
2.4959643017559587e-04,
-1.3870851864997515e-04,
1.7044012106373163e-04,
9.9999970629644186e-01,
3.1484027674605141e-04,
-7.2586615019216451e-04,
1.4345543364866793e-04,
-1.8460650070263894e-04,
1.5024218616965901e-01,
-2.2880433179503794e-04,
-7.3750671252678662e-05,
5.8025328659221611e-05,
1.9483533341484394e-04,
9.9999969650205867e-01,
2.8869781512483658e-04,
-7.3511726581279157e-04,
1.5739404591461948e-04,
-1.6749813033647748e-04,
1.5022549273607952e-01,
2.5240440478866255e-06,
-3.6731666533083783e-05,
-5.5671053980494497e-04,
2.0404214594355955e-04,
9.9999977781528016e-01,
2.4574351865263070e-04,
-6.3482174900095006e-04,
1.3656305806927741e-04,
-1.6055709905013062e-04,
1.5017481730836293e-01,
-4.9941505205636206e-04,
1.7087559985313246e-04,
-2.7925028538202605e-05,
9.7493910441117756e-05,
9.9999976936076906e-01,
2.6980958606856415e-04,
-6.4375331585180776e-04,
5.0854968032064709e-05,
-1.9196021701029301e-04,
1.5019123237469095e-01,
-9.6356625209021059e-04,
-7.7541582885389578e-04,
3.5959919248665790e-04,
-1.2145458844201449e-05,
9.9999972092597278e-01,
6.9217898134207425e-05,
-7.4872699649563580e-04,
-5.7078440658808621e-05,
-2.8488139271289780e-04,
1.5021376707342624e-01,
-1.0028195576463330e-03,
-1.0970662015081262e-03,
1.0237776170227359e-04,
1.1792531829416194e-04,
9.9999974181731666e-01,
1.5343852067031233e-04,
-6.9203723973464181e-04,
-1.5268767414635491e-04,
-3.8060148884905314e-04,
1.5022243146290049e-01,
-8.4324828915973880e-04,
-9.5792211247876214e-04,
3.8097059109357123e-05;
MatrixXd sigma(69, 69);
sigma <<
5.6435494291759566e-04,	-3.6264898306321653e-05,	3.7739949872310398e-05,	-3.8291907809657358e-05,	-1.4018866401031263e-04,	1.2524152378696286e-04,	-4.9954666543035138e-05,	-8.5535059130587368e-04,	1.2298940043939326e-04,	5.8798713352145802e-05,	3.7827074385577452e-06,	4.1574600152725777e-06,	1.2207795614544142e-04,	-1.9840756075260916e-03,	1.1496654943501017e-05,	3.9504157683451055e-04,	-2.8247291261028268e-05,	3.2305019806762577e-05,	-3.0417627505797575e-05,	-1.7313507929036774e-05,	7.1688670702230308e-05,	-2.7910890387945271e-05,	-8.9692826598278338e-06,	5.5420661245893166e-05,	4.0958507789945920e-04,	-2.9524334184600688e-05,	3.5717971431009869e-05,	-3.2696962436140034e-05,	-1.8221763853441169e-05,	7.8213780410221328e-05,	-1.3789950315844820e-05,	-7.8385528394682825e-06,	8.3822045176463249e-05,	4.3504554019250700e-04,	-3.2145522460709114e-05,	3.5461036580494870e-05,	-3.3097295266273052e-05,	-2.1175898402162908e-05,	8.8474779366882222e-05,	3.2971881597406374e-06,	-6.2315148783768972e-05,	1.1960680848551492e-04,	4.7364747353747453e-04,	-3.5516740279276339e-05,	3.6935670007839707e-05,	-3.2935788275712136e-05,	-3.4746215812010619e-05,	1.0082504636417098e-04,	-4.5118595164650626e-06,	-2.4176386210689500e-04,	1.2785329229511965e-04,	5.1842520045012989e-04,	-3.5885456006143347e-05,	3.7332987943693638e-05,	-3.4457848782461192e-05,	-7.1663610735495632e-05,	1.1297904032705520e-04,	-2.6773242024606681e-05,	-5.2264178799855195e-04,	1.2262295329259357e-04,	5.6435494291759566e-04,	-3.6264898306321653e-05,	3.7739949872310398e-05,	-3.8291907809657358e-05,	-1.4018866401031263e-04,	1.2524152378696286e-04,	-4.9954666543035138e-05,	-8.5535059130587368e-04,	1.2298940043939326e-04,
-3.6264898306321653e-05,	4.9489895724818915e-04,	-8.7095824738909171e-05,	1.8071469471435143e-04,	3.2709227592716599e-05,	2.4279214751644025e-05,	7.3217301975886937e-04,	5.0656892421854294e-05,	2.5874593529633868e-05,	-3.8492340090388732e-06,	-5.1490929205031296e-05,	-8.0216645375586786e-06,	-1.7188636407525131e-03,	1.2011275867623242e-04,	-3.6936671855149456e-07,	-2.9982158661503879e-05,	3.4149540084192772e-04,	-7.1053283905539308e-05,	7.4389760871075626e-05,	2.6339869473026807e-05,	1.4467279970297324e-05,	1.1346955361958908e-05,	1.6450674053299206e-05,	6.6936966844187157e-06,	-3.1372489842950758e-05,	3.4911144714536635e-04,	-7.2423377452898331e-05,	7.6064654823705034e-05,	2.7635108809282245e-05,	1.5233901257143786e-05,	2.2475403432462612e-05,	5.6872614636987169e-06,	1.0061303932052429e-05,	-3.2888330541135459e-05,	3.6778753961757128e-04,	-7.4788703206861017e-05,	8.0139174550836675e-05,	2.7492515922759122e-05,	1.6679283644701210e-05,	6.1082333580778406e-05,	-5.8794816092179618e-06,	2.0614511405040480e-05,	-3.5503196045929208e-05,	4.0563548881582777e-04,	-8.5514832217572709e-05,	9.1564219162718362e-05,	2.7259382266418797e-05,	1.9123986545463235e-05,	1.9951156242468629e-04,	4.7815435057810174e-06,	2.6898736200746418e-05,	-3.5879760617527167e-05,	4.4970034756938233e-04,	-8.6294942622872523e-05,	1.2243559561745477e-04,	2.8818140236843620e-05,	2.1692486786124761e-05,	4.4077228905721444e-04,	2.7228600152429514e-05,	2.5907917570928195e-05,	-3.6264898306321653e-05,	4.9489895724818915e-04,	-8.7095824738909171e-05,	1.8071469471435143e-04,	3.2709227592716599e-05,	2.4279214751644025e-05,	7.3217301975886937e-04,	5.0656892421854294e-05,	2.5874593529633868e-05,
3.7739949872310398e-05,	-8.7095824738909171e-05,	1.4596365225887854e-03,	-6.4381412205880711e-04,	-1.8411292225224696e-04,	6.8282327386907868e-06,	-2.3190528892393870e-04,	-1.0963487314386225e-04,	-1.2299890177058798e-05,	4.0291048232586817e-06,	7.8606923117683137e-06,	1.3657619252705061e-04,	5.3680444675594885e-04,	-4.9357704910668941e-05,	-2.3708134707538193e-07,	3.5929342972251844e-05,	-7.3418723856222704e-05,	1.2907880716412166e-03,	-5.7334963120322371e-04,	-1.6129109829303271e-04,	9.3025063827740746e-06,	-5.9552339934072585e-05,	-2.3116827422159560e-05,	2.3773768942997066e-05,	3.9761971618967365e-05,	-7.5888710560602493e-05,	1.3042152012986046e-03,	-5.7986003797310965e-04,	-1.6330868360739579e-04,	1.0724521721634476e-05,	-7.6032371376674022e-05,	-1.7938096454148806e-05,	3.7351898166489460e-06,	3.9207314333606005e-05,	-8.1329943524517678e-05,	1.3229699573814510e-03,	-5.8945840402782721e-04,	-1.6526045231752857e-04,	1.0276015310869163e-05,	-1.2396152895374828e-04,	-2.3787004819422948e-05,	-9.6245824660264197e-06,	3.6905634321034046e-05,	-8.5537452424832953e-05,	1.3535706211751165e-03,	-6.0411648946944645e-04,	-1.6861736275751107e-04,	9.2193779091963181e-06,	-1.7089428963973114e-04,	-4.7226703216210697e-05,	-1.1663143801235246e-05,	3.7316908269942472e-05,	-8.6307787371931827e-05,	1.4059302926873012e-03,	-6.2220220559705368e-04,	-1.7473284400331901e-04,	8.0529190844865753e-06,	-2.0025852516880090e-04,	-7.7940496822444325e-05,	-1.2165036278149480e-05,	3.7739949872310398e-05,	-8.7095824738909171e-05,	1.4596365225887854e-03,	-6.4381412205880711e-04,	-1.8411292225224696e-04,	6.8282327386907868e-06,	-2.3190528892393870e-04,	-1.0963487314386225e-04,	-1.2299890177058798e-05,
-3.8291907809657358e-05,	1.8071469471435143e-04,	-6.4381412205880711e-04,	5.8542785935058799e-04,	4.1579817553511499e-05,	1.2772069981325420e-06,	1.2823272665340362e-03,	4.0257413479636846e-05,	1.8080607122095408e-05,	-3.9054888030028370e-06,	-1.9190655578447971e-05,	-6.0149455404749741e-05,	-4.4036861836757054e-04,	1.3417266049892091e-04,	9.1815012338328947e-07,	-3.5031117620112025e-05,	1.2924509070707526e-04,	-5.7459751508684269e-04,	3.5183829654984440e-04,	3.7397812858078009e-05,	-5.1929435971342237e-06,	2.9769050084817481e-05,	1.7888057473294386e-05,	-7.5541147675152867e-06,	-3.6921674487052874e-05,	1.3361681860078628e-04,	-5.8000789291243020e-04,	3.5502541613829540e-04,	3.8949712114394609e-05,	-5.2776139777477220e-06,	3.6789793396066059e-05,	1.1264081136841421e-05,	7.0932583688335068e-06,	-3.7040967647484585e-05,	1.4623631930597885e-04,	-5.9183588784006565e-04,	3.6227089646481106e-04,	3.9289069576793392e-05,	-3.9704331336896220e-06,	1.3428097422524865e-04,	-7.2407460050501671e-06,	1.6708461124749773e-05,	-3.7503830630597598e-05,	1.7196818585693243e-04,	-6.3193672663619722e-04,	3.9074921761098741e-04,	3.8271188456797463e-05,	-2.2720007821376557e-06,	5.3156671351405949e-04,	-6.6413240493726544e-06,	1.7818872716288147e-05,	-3.7892791457771909e-05,	1.7816357143977414e-04,	-6.3779989791461764e-04,	4.6809992765686732e-04,	3.8749890625977717e-05,	-5.2537899128332257e-07,	1.0249681662778294e-03,	1.6364588067356131e-05,	1.7964804299629715e-05,	-3.8291907809657358e-05,	1.8071469471435143e-04,	-6.4381412205880711e-04,	5.8542785935058799e-04,	4.1579817553511499e-05,	1.2772069981325420e-06,	1.2823272665340362e-03,	4.0257413479636846e-05,	1.8080607122095408e-05,
-1.4018866401031263e-04,	3.2709227592716599e-05,	-1.8411292225224696e-04,	4.1579817553511499e-05,	4.8289127942553175e-04,	-1.2833179608627796e-05,	2.4803265411966106e-05,	1.3689488957973717e-03,	2.5146679552333122e-05,	-1.6511622534655521e-05,	-3.1903156073665863e-06,	-1.7442383704927210e-05,	-1.4755463977044562e-04,	-3.8484725736999210e-05,	2.0621372575799966e-06,	-8.8824006431727372e-05,	2.9318058326816473e-05,	-1.6688090623227613e-04,	3.8885399009675972e-05,	2.3301537825062867e-04,	-1.3459592970352842e-05,	2.1839981249681046e-05,	1.0698075271852799e-05,	-3.0560937123129739e-05,	-9.5733090616928552e-05,	3.0041062589916840e-05,	-1.6896783278787627e-04,	4.0744086744694328e-05,	2.3366645702645411e-04,	-1.6635092820652053e-05,	1.2587990245540460e-05,	5.7404152076071167e-06,	-3.3739426079527133e-05,	-1.0828857056912599e-04,	3.1078519585603597e-05,	-1.7150141015903129e-04,	4.1079529347931080e-05,	2.3930071700897811e-04,	-1.9068607461800785e-05,	-7.1252669201126821e-06,	1.5170362244509419e-04,	-4.4770985800185359e-06,	-1.3196899975300680e-04,	3.2078144276059910e-05,	-1.8067354434475973e-04,	4.0026201522014699e-05,	2.7271341549455733e-04,	-1.7715009100413656e-05,	-8.8250087377063552e-06,	6.0155127819108885e-04,	2.3826598776436682e-05,	-1.3790382348548383e-04,	3.2389641634742345e-05,	-1.8237126392173147e-04,	3.9962377651092826e-05,	3.5730853806466962e-04,	-1.5334400432420748e-05,	7.5712464803488163e-06,	1.1034792443017046e-03,	2.4845681557361381e-05,	-1.4018866401031263e-04,	3.2709227592716599e-05,	-1.8411292225224696e-04,	4.1579817553511499e-05,	4.8289127942553175e-04,	-1.2833179608627796e-05,	2.4803265411966106e-05,	1.3689488957973717e-03,	2.5146679552333122e-05,
1.2524152378696286e-04,	2.4279214751644025e-05,	6.8282327386907868e-06,	1.2772069981325420e-06,	-1.2833179608627796e-05,	2.8346642987477663e-04,	5.9376198819175359e-05,	-2.4430517704980727e-04,	9.8712366235012344e-04,	1.4692051331915224e-05,	-2.7855165609888756e-06,	7.7894670782338335e-07,	-2.8495747209958032e-05,	-1.1027865834204275e-04,	9.0814612736600040e-05,	6.7336979048444415e-05,	1.4271858175839137e-05,	7.8999139047832124e-06,	-7.6727836162638257e-06,	1.1756535500118602e-05,	8.2054838512146108e-05,	-6.7018443405939017e-07,	3.7770613195245957e-06,	1.3035479734306052e-05,	7.2468479375932489e-05,	1.4782185859855975e-05,	8.9455852699533476e-06,	-7.7617141890646391e-06,	1.2126982776924288e-05,	8.4531068196361340e-05,	1.9738756979004496e-07,	6.2709464742342878e-06,	4.5632675438001306e-05,	8.6043677312114044e-05,	1.7014880974256016e-05,	7.7517600562610733e-06,	-7.4530616916451129e-06,	1.3167691530800928e-05,	9.3741204845207226e-05,	5.7534135761224470e-06,	1.8741576346698976e-05,	1.6055596881187553e-04,	1.2233975414995183e-04,	2.3729999939268891e-05,	6.6784340373060237e-06,	-6.3880997699489541e-06,	1.3769785746353363e-05,	1.2247339573432785e-04,	1.8426838388354298e-05,	-2.6036569020247871e-05,	4.8953569486454625e-04,	1.2377202286273882e-04,	2.4001034236212446e-05,	6.7524813666205479e-06,	-3.6146676206458221e-06,	6.0240734318408584e-06,	1.8943096098400619e-04,	3.8507000926583174e-05,	-1.3307554654576730e-04,	8.5488913889722375e-04,	1.2524152378696286e-04,	2.4279214751644025e-05,	6.8282327386907868e-06,	1.2772069981325420e-06,	-1.2833179608627796e-05,	2.8346642987477663e-04,	5.9376198819175359e-05,	-2.4430517704980727e-04,	9.8712366235012344e-04,
-4.9954666543035138e-05,	7.3217301975886937e-04,	-2.3190528892393870e-04,	1.2823272665340362e-03,	2.4803265411966106e-05,	5.9376198819175359e-05,	8.6279598661940463e-03,	1.6971440549464677e-05,	6.0943774910251610e-05,	-5.8545940518160158e-06,	-8.4235399409704403e-05,	-2.6478808333208843e-05,	-2.2636854736624316e-04,	5.2969327356588770e-05,	5.1224079402233286e-06,	-4.0916954715784327e-05,	4.3676240315605036e-04,	-7.6172791242001432e-05,	9.7555938627769161e-05,	3.3533481344951513e-05,	3.1822273593711083e-05,	4.8457644957431663e-06,	3.9097386670301831e-05,	2.6630090505353673e-05,	-4.1784170033790255e-05,	4.5525452334737091e-04,	-7.4028386144685580e-05,	9.7887574316290156e-05,	3.7062949429396747e-05,	3.5352599955481152e-05,	3.3209414610102235e-06,	2.2892051346707560e-05,	4.7678285220736210e-05,	-4.2882257359432898e-05,	5.0978722817176787e-04,	-8.8921248728617290e-05,	1.1087662568213577e-04,	3.6450033847560705e-05,	4.1022094028081133e-05,	3.5877681699528533e-04,	-4.5750183855648676e-05,	6.2785443802445019e-05,	-4.8792181823509126e-05,	6.3981151067387548e-04,	-2.2668259765719722e-04,	2.1680493730172782e-04,	2.9902130469995226e-05,	4.7251622955493260e-05,	2.2563212822259665e-03,	-6.8277649920924746e-05,	6.3317527943057886e-05,	-4.9366872996092904e-05,	7.0457689780445399e-04,	-2.2925957037142942e-04,	5.8540281740650246e-04,	2.5281845037927434e-05,	5.3290454422781312e-05,	5.3789859639216441e-03,	-2.6462872974234755e-05,	6.0933179418758422e-05,	-4.9954666543035138e-05,	7.3217301975886937e-04,	-2.3190528892393870e-04,	1.2823272665340362e-03,	2.4803265411966106e-05,	5.9376198819175359e-05,	8.6279598661940463e-03,	1.6971440549464677e-05,	6.0943774910251610e-05,
-8.5535059130587368e-04,	5.0656892421854294e-05,	-1.0963487314386225e-04,	4.0257413479636846e-05,	1.3689488957973717e-03,	-2.4430517704980727e-04,	1.6971440549464677e-05,	9.2581372002216826e-03,	-9.7264698461139236e-05,	-9.9094555162616369e-05,	-5.8542551119420212e-06,	-1.2416230682514124e-05,	-6.0873063034174293e-05,	2.4610380550920422e-04,	-9.2339599952092670e-06,	-5.2326737645546034e-04,	3.5450698567993180e-05,	-7.4025938853444529e-05,	4.6333773720987682e-05,	6.4311450249756479e-05,	-1.6704572180142250e-04,	6.1729850583060886e-05,	-3.7142256621469976e-05,	-1.6739874194212132e-04,	-5.6069699855277992e-04,	3.5033243434096247e-05,	-7.8364623739157543e-05,	5.1700083329306681e-05,	5.7956303368672087e-05,	-1.8677066984535337e-04,	3.5859966405308897e-05,	-9.0102226813636963e-05,	-2.3997299837281056e-04,	-6.3070802562571412e-04,	4.0378984787709365e-05,	-7.8721157425907089e-05,	5.1785682581513006e-05,	6.8171476272902798e-05,	-2.1062592701080802e-04,	-4.3038420800096655e-05,	4.8150020657738714e-04,	-1.9644024633842824e-04,	-7.6005219712358524e-04,	4.9498639996313323e-05,	-1.0722635066765761e-04,	4.5343518799870701e-05,	2.0197930508556106e-04,	-2.2456829459841499e-04,	-6.8078510312077962e-05,	2.6543438448741233e-03,	-1.0986072441393705e-04,	-8.2626731113400733e-04,	5.0069417660304668e-05,	-1.0841249231007455e-04,	4.0732909911545811e-05,	6.1493002829894573e-04,	-2.3458188273880749e-04,	-2.6403298788465223e-05,	5.8909616351064389e-03,	-9.7948610879427573e-05,	-8.5535059130587368e-04,	5.0656892421854294e-05,	-1.0963487314386225e-04,	4.0257413479636846e-05,	1.3689488957973717e-03,	-2.4430517704980727e-04,	1.6971440549464677e-05,	9.2581372002216826e-03,	-9.7264698461139236e-05,
1.2298940043939326e-04,	2.5874593529633868e-05,	-1.2299890177058798e-05,	1.8080607122095408e-05,	2.5146679552333122e-05,	9.8712366235012344e-04,	6.0943774910251610e-05,	-9.7264698461139236e-05,	7.1615446990265655e-03,	1.5321105271647564e-05,	-3.2203355792046155e-06,	-1.4047900006509103e-06,	-2.8017869446112157e-06,	-3.1129129379034687e-05,	6.5633466424837219e-04,	-1.4492955552247660e-05,	-4.0489251452653173e-06,	-3.9740307532912756e-06,	6.0936217080906681e-06,	2.5292899799217275e-06,	-2.5183200048214186e-05,	4.3094129393212810e-05,	1.0632313000705201e-05,	-5.4342103264797391e-05,	-1.7882087497575611e-05,	-4.9469217797724792e-06,	-5.3523102229283164e-06,	9.4049379720654371e-06,	3.2161307253769940e-06,	-2.7836936401192158e-05,	2.1469804504736630e-05,	1.0437013584319459e-05,	1.6388513024544185e-05,	4.0256450962990968e-07,	9.2147825727491290e-07,	-9.6961517409424498e-06,	1.0443711856074751e-05,	7.7940164167100886e-06,	-1.1303444449403404e-05,	3.0174508476499525e-06,	1.0731513184772359e-04,	4.1142022061326872e-04,	1.1996541490458356e-04,	2.5254081790820176e-05,	-1.2018241680741611e-05,	1.0923173215015629e-05,	2.1601965655853015e-05,	8.9618312509963797e-05,	1.1744173197633361e-05,	1.3217716057136231e-04,	2.0095094830888394e-03,	1.2145756986423566e-04,	2.5557275148370274e-05,	-1.2157180721461248e-05,	1.3242078353187580e-05,	2.9015026201258691e-05,	4.0545798935788562e-04,	3.5873146409668318e-05,	1.9649807783079146e-05,	4.5384412111621614e-03,	1.2298940043939326e-04,	2.5874593529633868e-05,	-1.2299890177058798e-05,	1.8080607122095408e-05,	2.5146679552333122e-05,	9.8712366235012344e-04,	6.0943774910251610e-05,	-9.7264698461139236e-05,	7.1615446990265655e-03,
5.8798713352145802e-05,	-3.8492340090388732e-06,	4.0291048232586817e-06,	-3.9054888030028370e-06,	-1.6511622534655521e-05,	1.4692051331915224e-05,	-5.8545940518160158e-06,	-9.9094555162616369e-05,	1.5321105271647564e-05,	5.7161212400334439e-05,	4.1539661446805598e-07,	4.5236997362708165e-07,	1.0293793361236860e-05,	-1.6211208271171197e-04,	1.4247888996492761e-06,	3.8008735109087940e-05,	-2.8863527820894196e-06,	3.4252522648129425e-06,	-2.9769705922120874e-06,	-2.2640352256929213e-06,	8.0732764503215957e-06,	-3.3918607786477362e-06,	-1.1488371090020612e-06,	6.7402046527653229e-06,	3.9782140170636870e-05,	-3.0434855643904397e-06,	3.8409646772059288e-06,	-3.2534216304404054e-06,	-2.3804734052379509e-06,	8.8676764776675974e-06,	-1.6649230502200419e-06,	-1.0623714938194743e-06,	1.0227762856595671e-05,	4.2889988428740680e-05,	-3.3615318592555007e-06,	3.8046235551682029e-06,	-3.3008118047393999e-06,	-2.7391375934397838e-06,	1.0124843868134497e-05,	4.0753284438460774e-07,	-7.3858609739079402e-06,	1.4728750615119753e-05,	4.7588359282016104e-05,	-3.7663013289341698e-06,	3.9558598650830483e-06,	-3.2796873706018595e-06,	-4.3202945312605530e-06,	1.1652848816713804e-05,	-5.0845040646086795e-07,	-2.7987547563549168e-05,	1.5873818415055451e-05,	5.3103063717816670e-05,	-3.8066081941642617e-06,	3.9923304719479408e-06,	-3.4566339381013887e-06,	-8.5848990503556991e-06,	1.3164572934829648e-05,	-3.1280596848043413e-06,	-6.0369289045699665e-05,	1.5271827641944470e-05,	5.8798713352145802e-05,	-3.8492340090388732e-06,	4.0291048232586817e-06,	-3.9054888030028370e-06,	-1.6511622534655521e-05,	1.4692051331915224e-05,	-5.8545940518160158e-06,	-9.9094555162616369e-05,	1.5321105271647564e-05,
3.7827074385577452e-06,	-5.1490929205031296e-05,	7.8606923117683137e-06,	-1.9190655578447971e-05,	-3.1903156073665863e-06,	-2.7855165609888756e-06,	-8.4235399409704403e-05,	-5.8542551119420212e-06,	-3.2203355792046155e-06,	4.1539661446805598e-07,	5.6359896498081636e-05,	7.4501286509033272e-07,	1.4109399619139786e-04,	-9.7561536195102614e-06,	-7.0839621379770259e-08,	3.0388271993588037e-06,	-3.2630891761873422e-05,	6.0688408028623090e-06,	-6.9271112419567692e-06,	-2.4555496774426164e-06,	-1.5725188780390028e-06,	-1.3905357891621539e-06,	-1.9909309211884472e-06,	-8.1473029966465385e-07,	3.2068595601463177e-06,	-3.3560645319470709e-05,	6.2333441717145480e-06,	-7.1309826853801786e-06,	-2.6121130680841484e-06,	-1.6658368393165628e-06,	-2.7771900465493279e-06,	-6.8203965972874561e-07,	-1.2276164125436001e-06,	3.3893087417082379e-06,	-3.5835387284561745e-05,	6.5065312274503778e-06,	-7.6230481794577638e-06,	-2.5936533035900850e-06,	-1.8433517254051569e-06,	-7.2851154162029728e-06,	7.2080828394150891e-07,	-2.5408036201685730e-06,	3.7013199502061405e-06,	-4.0438908225811888e-05,	7.7160513191488972e-06,	-8.9546815907776122e-06,	-2.5631695220094144e-06,	-2.1452057452606157e-06,	-2.2996272359354072e-05,	-5.2318761692480846e-07,	-3.3297627089538282e-06,	3.7421230275481547e-06,	-4.5875445953953355e-05,	7.7870293180155176e-06,	-1.2497494051604121e-05,	-2.7412407417023059e-06,	-2.4637931536946577e-06,	-5.0543418701333852e-05,	-3.1338707197552819e-06,	-3.2201547971473985e-06,	3.7827074385577452e-06,	-5.1490929205031296e-05,	7.8606923117683137e-06,	-1.9190655578447971e-05,	-3.1903156073665863e-06,	-2.7855165609888756e-06,	-8.4235399409704403e-05,	-5.8542551119420212e-06,	-3.2203355792046155e-06,
4.1574600152725777e-06,	-8.0216645375586786e-06,	1.3657619252705061e-04,	-6.0149455404749741e-05,	-1.7442383704927210e-05,	7.7894670782338335e-07,	-2.6478808333208843e-05,	-1.2416230682514124e-05,	-1.4047900006509103e-06,	4.5236997362708165e-07,	7.4501286509033272e-07,	6.3886800881191814e-05,	4.4362719535680400e-05,	-4.7894600894642766e-06,	-5.5268338167415411e-08,	3.9375097172694069e-06,	-6.4833820797640614e-06,	1.1672392049080490e-04,	-5.1997552773360997e-05,	-1.4831954013492124e-05,	1.0595878636230424e-06,	-6.8938571052860878e-06,	-2.6546014950016970e-06,	2.7412736691045827e-06,	4.3808941762668170e-06,	-6.7704179237035061e-06,	1.1827747043072835e-04,	-5.2752606588938779e-05,	-1.5064380080172149e-05,	1.2235365478284797e-06,	-8.8546720384246757e-06,	-2.0798614663122510e-06,	4.3347295765715443e-07,	4.3172766224583171e-06,	-7.3981398664511576e-06,	1.2046310544418224e-04,	-5.3871944295177215e-05,	-1.5292317798882437e-05,	1.1725037482889912e-06,	-1.4470408624660437e-05,	-2.7832949058386470e-06,	-1.0993562434274353e-06,	4.0501430291643698e-06,	-7.8718141085018523e-06,	1.2403781890983178e-04,	-5.5580715640988370e-05,	-1.5681008597254837e-05,	1.0519008343405031e-06,	-1.9862242295133678e-05,	-5.4251250930905904e-06,	-1.3310681573981481e-06,	4.1027817668948158e-06,	-7.9462723505306572e-06,	1.3020812141779583e-04,	-5.7672303561726570e-05,	-1.6378558785552268e-05,	9.1877889843090249e-07,	-2.3057622110967883e-05,	-8.8602271593457837e-06,	-1.3887512219313330e-06,	4.1574600152725777e-06,	-8.0216645375586786e-06,	1.3657619252705061e-04,	-6.0149455404749741e-05,	-1.7442383704927210e-05,	7.7894670782338335e-07,	-2.6478808333208843e-05,	-1.2416230682514124e-05,	-1.4047900006509103e-06,
1.2207795614544142e-04,	-1.7188636407525131e-03,	5.3680444675594885e-04,	-4.4036861836757054e-04,	-1.4755463977044562e-04,	-2.8495747209958032e-05,	-2.2636854736624316e-04,	-6.0873063034174293e-05,	-2.8017869446112157e-06,	1.0293793361236860e-05,	1.4109399619139786e-04,	4.4362719535680400e-05,	1.5943663653337225e-02,	-9.5942939594664128e-04,	2.1673845925348525e-05,	1.1622985108720759e-04,	-1.6701781783264107e-03,	5.1875793753436786e-04,	-4.0475224910635889e-04,	-1.3863528103142951e-04,	-2.7088935065274920e-05,	-9.4401299894114495e-06,	-7.0906642607969878e-06,	-2.5291622639224771e-07,	1.1729568470240940e-04,	-1.6726507617059704e-03,	5.2032553204377034e-04,	-4.0585960289402453e-04,	-1.3919490262713702e-04,	-2.7152297097590663e-05,	-1.2681146560905410e-05,	-2.8072144686656133e-06,	-1.3734435296368501e-06,	1.1825564218370729e-04,	-1.6789964685848446e-03,	5.2253080532783155e-04,	-4.0775227880538069e-04,	-1.3936029655783706e-04,	-2.7360426283629685e-05,	-2.6934174817394413e-05,	-2.0440628030751592e-06,	-3.5269149452242803e-06,	1.2003453544207762e-04,	-1.6909955273094026e-03,	5.2805174960203938e-04,	-4.1208819915750089e-04,	-1.4009105594764166e-04,	-2.7820129127814244e-05,	-6.9230455741313746e-05,	-1.5451416036646700e-05,	-4.5219498341300534e-06,	1.2104466597859564e-04,	-1.7047534321599745e-03,	5.3237165886667575e-04,	-4.2216978071987050e-04,	-1.4265937489764660e-04,	-2.8196796489048628e-05,	-1.3977250069366755e-04,	-3.7233333779380031e-05,	-3.1084632867895982e-06,	1.2207795614544142e-04,	-1.7188636407525131e-03,	5.3680444675594885e-04,	-4.4036861836757054e-04,	-1.4755463977044562e-04,	-2.8495747209958032e-05,	-2.2636854736624316e-04,	-6.0873063034174293e-05,	-2.8017869446112157e-06,
-1.9840756075260916e-03,	1.2011275867623242e-04,	-4.9357704910668941e-05,	1.3417266049892091e-04,	-3.8484725736999210e-05,	-1.1027865834204275e-04,	5.2969327356588770e-05,	2.4610380550920422e-04,	-3.1129129379034687e-05,	-1.6211208271171197e-04,	-9.7561536195102614e-06,	-4.7894600894642766e-06,	-9.5942939594664128e-04,	1.8430466626502551e-02,	-4.3065160598037869e-06,	-1.9258382418993172e-03,	1.1406659123088145e-04,	-4.6018923183332587e-05,	1.2619366140153264e-04,	-7.4018400473082073e-05,	-9.4787457784500248e-05,	1.0139952395816489e-05,	4.7322264563683895e-06,	-1.7333520402154812e-05,	-1.9308117998883731e-03,	1.1462785044868817e-04,	-4.7327961408525947e-05,	1.2705616889530156e-04,	-7.3581759980707122e-05,	-9.6858388591392571e-05,	5.5843939241781402e-06,	3.5163847904027565e-06,	-2.6300777906504521e-05,	-1.9393511041539391e-03,	1.1605914240640494e-04,	-4.7440966919269065e-05,	1.2733600976390391e-04,	-7.2625065869002286e-05,	-1.0012865822756374e-04,	1.2583748340511143e-06,	1.9408082038064812e-05,	-3.8336330047131030e-05,	-1.9520572908858585e-03,	1.1818323863934252e-04,	-4.8458125321577622e-05,	1.2782602860294485e-04,	-6.8634852266847245e-05,	-1.0392169062291245e-04,	1.1711178705450906e-05,	6.9690940144135344e-05,	-3.6708683100087226e-05,	-1.9678638920753817e-03,	1.1913400591261574e-04,	-4.8902967392910204e-05,	1.2993784693217454e-04,	-5.8103009985085176e-05,	-1.0717569079522882e-04,	3.1793324472513228e-05,	1.4884109034494060e-04,	-3.1077987410649563e-05,	-1.9840756075260916e-03,	1.2011275867623242e-04,	-4.9357704910668941e-05,	1.3417266049892091e-04,	-3.8484725736999210e-05,	-1.1027865834204275e-04,	5.2969327356588770e-05,	2.4610380550920422e-04,	-3.1129129379034687e-05,
1.1496654943501017e-05,	-3.6936671855149456e-07,	-2.3708134707538193e-07,	9.1815012338328947e-07,	2.0621372575799966e-06,	9.0814612736600040e-05,	5.1224079402233286e-06,	-9.2339599952092670e-06,	6.5633466424837219e-04,	1.4247888996492761e-06,	-7.0839621379770259e-08,	-5.5268338167415411e-08,	2.1673845925348525e-05,	-4.3065160598037869e-06,	2.4206567047146614e-03,	-1.1709146688347956e-06,	-3.0454394323272893e-06,	4.9360485707585473e-07,	-1.0378920235663096e-07,	3.1808378938464182e-08,	-2.3660730279706983e-06,	3.9683038019041428e-06,	9.8091639618667164e-07,	-7.9436036302458855e-06,	-1.4812550075001559e-06,	-3.1313400694932323e-06,	3.6735368861712174e-07,	2.0038361598745916e-07,	9.4304464108808699e-08,	-2.6104733341885668e-06,	1.9741325198377759e-06,	9.5008501080639523e-07,	-1.4359398067653325e-06,	2.0434511900267536e-07,	-2.6014115867783662e-06,	-2.8819066005638622e-08,	2.9352363225890937e-07,	5.1364957609411160e-07,	-1.0893947140302088e-06,	2.1752920021370501e-07,	9.8516752136540244e-06,	3.4914208880418833e-05,	1.1215270513403600e-05,	-3.8334085068352626e-07,	-2.2576527837783166e-07,	3.2621923526161957e-07,	1.7785270535588850e-06,	8.1983848926801717e-06,	8.8601085808159169e-07,	1.2039825768410725e-05,	1.8201058566019826e-04,	1.1354183561094996e-05,	-3.7642448730067314e-07,	-2.3134392251407572e-07,	5.1345441448554296e-07,	2.4431211231024182e-06,	3.7269905530653897e-05,	2.9616473462542236e-06,	1.5884083233646535e-06,	4.1481957379851031e-04,	1.1496654943501017e-05,	-3.6936671855149456e-07,	-2.3708134707538193e-07,	9.1815012338328947e-07,	2.0621372575799966e-06,	9.0814612736600040e-05,	5.1224079402233286e-06,	-9.2339599952092670e-06,	6.5633466424837219e-04,
3.9504157683451055e-04,	-2.9982158661503879e-05,	3.5929342972251844e-05,	-3.5031117620112025e-05,	-8.8824006431727372e-05,	6.7336979048444415e-05,	-4.0916954715784327e-05,	-5.2326737645546034e-04,	-1.4492955552247660e-05,	3.8008735109087940e-05,	3.0388271993588037e-06,	3.9375097172694069e-06,	1.1622985108720759e-04,	-1.9258382418993172e-03,	-1.1709146688347956e-06,	3.8506724945052041e-04,	-2.8032291430321968e-05,	2.9588082641354591e-05,	-2.8712303971188815e-05,	-1.6201966482562221e-05,	7.0904760225808626e-05,	-1.9055537818797889e-05,	-4.8044135339270309e-06,	2.5518454827345425e-05,	3.8402856153126107e-04,	-2.7242787812298841e-05,	3.2648022692742721e-05,	-3.0075446620769501e-05,	-1.5866938128002765e-05,	7.1173211283813908e-05,	-7.1243085658179545e-06,	1.1724886701152220e-05,	-7.0077384328736420e-06,	3.8376384798794225e-04,	-2.8048175837445099e-05,	3.2923259071888870e-05,	-3.0277829769753116e-05,	-1.5939469215605702e-05,	7.0687057207567428e-05,	1.3729908481369145e-06,	-2.0439516188726706e-05,	-4.8051824133124567e-06,	3.8753378643896291e-04,	-2.9381243385843830e-05,	3.5162581999088259e-05,	-3.0380830317289100e-05,	-2.3087873529164548e-05,	6.9979294954239054e-05,	-6.3542670525821825e-06,	-1.4486508471847498e-04,	-1.0168619696600107e-05,	3.9124018097139212e-04,	-2.9677501362674823e-05,	3.5541278616507589e-05,	-3.1823004460198680e-05,	-4.6200216040721382e-05,	6.8769243545674098e-05,	-2.3280473163846636e-05,	-3.2981504053605933e-04,	-1.3960441796939581e-05,	3.9504157683451055e-04,	-2.9982158661503879e-05,	3.5929342972251844e-05,	-3.5031117620112025e-05,	-8.8824006431727372e-05,	6.7336979048444415e-05,	-4.0916954715784327e-05,	-5.2326737645546034e-04,	-1.4492955552247660e-05,
-2.8247291261028268e-05,	3.4149540084192772e-04,	-7.3418723856222704e-05,	1.2924509070707526e-04,	2.9318058326816473e-05,	1.4271858175839137e-05,	4.3676240315605036e-04,	3.5450698567993180e-05,	-4.0489251452653173e-06,	-2.8863527820894196e-06,	-3.2630891761873422e-05,	-6.4833820797640614e-06,	-1.6701781783264107e-03,	1.1406659123088145e-04,	-3.0454394323272893e-06,	-2.8032291430321968e-05,	3.3605899743575283e-04,	-6.4383486904918602e-05,	7.0833673891647554e-05,	2.5256032422215158e-05,	1.5061425337935474e-05,	-1.7102004596193956e-06,	1.6546069467583064e-05,	1.0964312608034514e-05,	-2.6761194682325721e-05,	3.3193440798626720e-04,	-6.4489945154240922e-05,	7.0197937853579471e-05,	2.6164050438862148e-05,	1.5489629998899413e-05,	-9.8321617863031079e-06,	3.5798805820049099e-07,	-4.4728696329293658e-07,	-2.6904774142465791e-05,	3.3157932596483458e-04,	-6.4544013670234958e-05,	7.0297777867172579e-05,	2.5680555882221694e-05,	1.5268637743840400e-05,	1.2918509867968749e-05,	-6.5104349919718152e-06,	-2.8655971562878565e-06,	-2.7675902538148244e-05,	3.3505047887204210e-04,	-7.2140465899759999e-05,	7.5394140969378508e-05,	2.5466528815804595e-05,	1.5003770702265160e-05,	1.1068703649256852e-04,	3.7426938907052632e-06,	-3.0103037806381347e-06,	-2.7958312307172289e-05,	3.3823216730379695e-04,	-7.2771266081863572e-05,	9.3930157354092474e-05,	2.6585866358881513e-05,	1.4667054036287025e-05,	2.7004777558104571e-04,	1.9242114965304776e-05,	-3.8299254914736106e-06,	-2.8247291261028268e-05,	3.4149540084192772e-04,	-7.3418723856222704e-05,	1.2924509070707526e-04,	2.9318058326816473e-05,	1.4271858175839137e-05,	4.3676240315605036e-04,	3.5450698567993180e-05,	-4.0489251452653173e-06,
3.2305019806762577e-05,	-7.1053283905539308e-05,	1.2907880716412166e-03,	-5.7459751508684269e-04,	-1.6688090623227613e-04,	7.8999139047832124e-06,	-7.6172791242001432e-05,	-7.4025938853444529e-05,	-3.9740307532912756e-06,	3.4252522648129425e-06,	6.0688408028623090e-06,	1.1672392049080490e-04,	5.1875793753436786e-04,	-4.6018923183332587e-05,	4.9360485707585473e-07,	2.9588082641354591e-05,	-6.4383486904918602e-05,	1.2542842274887052e-03,	-5.5587458433960853e-04,	-1.5559394977134646e-04,	7.6769531830059839e-06,	-3.6607690014201779e-05,	-1.3770019711249257e-05,	1.6977950087414019e-05,	3.2485631955366419e-05,	-6.5889800442102390e-05,	1.2575988666204835e-03,	-5.5786434849304858e-04,	-1.5619944253378757e-04,	8.8426874020467010e-06,	-1.2512001698940201e-05,	-1.0483563615582461e-06,	5.7714196782828268e-06,	3.2388747512473187e-05,	-6.7782390539477584e-05,	1.2610122915919729e-03,	-5.5963128007669295e-04,	-1.5635788628799694e-04,	8.9370948921900336e-06,	-2.5427111276480108e-05,	-3.6549798280971266e-06,	-2.0808453872050854e-06,	3.1595561348196352e-05,	-6.9849657393962212e-05,	1.2677363509156412e-03,	-5.6296004697354912e-04,	-1.5745616252323794e-04,	8.6587529370145680e-06,	-4.2338859588878423e-05,	-2.1347442920167147e-05,	-3.4473802366290601e-06,	3.1945277273747758e-05,	-7.0444718133892269e-05,	1.2791162851967994e-03,	-5.6786457506721288e-04,	-1.6081441303017336e-04,	8.2954582604853272e-06,	-5.8403302854130029e-05,	-4.7278790582950752e-05,	-3.9055765495543389e-06,	3.2305019806762577e-05,	-7.1053283905539308e-05,	1.2907880716412166e-03,	-5.7459751508684269e-04,	-1.6688090623227613e-04,	7.8999139047832124e-06,	-7.6172791242001432e-05,	-7.4025938853444529e-05,	-3.9740307532912756e-06,
-3.0417627505797575e-05,	7.4389760871075626e-05,	-5.7334963120322371e-04,	3.5183829654984440e-04,	3.8885399009675972e-05,	-7.6727836162638257e-06,	9.7555938627769161e-05,	4.6333773720987682e-05,	6.0936217080906681e-06,	-2.9769705922120874e-06,	-6.9271112419567692e-06,	-5.1997552773360997e-05,	-4.0475224910635889e-04,	1.2619366140153264e-04,	-1.0378920235663096e-07,	-2.8712303971188815e-05,	7.0833673891647554e-05,	-5.5587458433960853e-04,	3.3520892674049991e-04,	3.1491579603412236e-05,	-8.9861392584625496e-06,	1.7983629927040889e-05,	8.1835211699344888e-06,	-7.9755273235841692e-06,	-2.9808204019751498e-05,	7.0825280882494279e-05,	-5.5752774124892958e-04,	3.3596972329759129e-04,	3.2091809797768320e-05,	-9.4670182080701014e-06,	2.7094408128507608e-06,	3.5935330041386414e-06,	-1.3940732526618873e-06,	-2.9845004095235073e-05,	7.1620931063167816e-05,	-5.5905249183676390e-04,	3.3665390565367452e-04,	3.2362680735796243e-05,	-9.3149820799561364e-06,	1.2400767201490254e-05,	2.8436783001637340e-06,	3.7679232940074145e-06,	-2.9815052870294912e-05,	7.3019393450787901e-05,	-5.6308126407015983e-04,	3.3883223860007433e-04,	3.3038835805044191e-05,	-8.8466630580227665e-06,	3.4717943426165335e-05,	1.2938500306860167e-05,	5.5336560015870286e-06,	-3.0112340861334393e-05,	7.3696273121508761e-05,	-5.6815041957948803e-04,	3.4369951949402038e-04,	3.5103428991291423e-05,	-8.2792884166328649e-06,	6.5250162097364733e-05,	2.9318501451967870e-05,	6.0057064742423161e-06,	-3.0417627505797575e-05,	7.4389760871075626e-05,	-5.7334963120322371e-04,	3.5183829654984440e-04,	3.8885399009675972e-05,	-7.6727836162638257e-06,	9.7555938627769161e-05,	4.6333773720987682e-05,	6.0936217080906681e-06,
-1.7313507929036774e-05,	2.6339869473026807e-05,	-1.6129109829303271e-04,	3.7397812858078009e-05,	2.3301537825062867e-04,	1.1756535500118602e-05,	3.3533481344951513e-05,	6.4311450249756479e-05,	2.5292899799217275e-06,	-2.2640352256929213e-06,	-2.4555496774426164e-06,	-1.4831954013492124e-05,	-1.3863528103142951e-04,	-7.4018400473082073e-05,	3.1808378938464182e-08,	-1.6201966482562221e-05,	2.5256032422215158e-05,	-1.5559394977134646e-04,	3.1491579603412236e-05,	2.2436673205551710e-04,	1.0930474213681896e-05,	9.0517081471028994e-06,	1.4201533689571902e-05,	-1.4672076626675814e-06,	-1.6440143796352645e-05,	2.5800013575146883e-05,	-1.5641060083684759e-04,	3.2185349855188559e-05,	2.2460204453523711e-04,	1.0870112739865404e-05,	4.2765362252520559e-06,	-4.3247348296965604e-06,	-4.2560844114427768e-08,	-1.6411242068473809e-05,	2.5824633988911241e-05,	-1.5686667609363287e-04,	3.2488448755926616e-05,	2.2433046763116997e-04,	1.0940179276435685e-05,	3.0759856518485809e-06,	1.1479882685899939e-07,	1.9948040297256947e-06,	-1.6862198414638878e-05,	2.5854230814682295e-05,	-1.5836253651504498e-04,	3.3083660490252533e-05,	2.2503832581062742e-04,	1.1226662712860280e-05,	1.0347785924897576e-05,	1.6579614774796048e-05,	3.1712541246384821e-06,	-1.7084948698069069e-05,	2.6094066176044744e-05,	-1.5980827469975963e-04,	3.4640484079708373e-05,	2.2779893861106125e-04,	1.1502441360782245e-05,	2.1630296840021989e-05,	4.0044116943142119e-05,	2.5944008661720397e-06,	-1.7313507929036774e-05,	2.6339869473026807e-05,	-1.6129109829303271e-04,	3.7397812858078009e-05,	2.3301537825062867e-04,	1.1756535500118602e-05,	3.3533481344951513e-05,	6.4311450249756479e-05,	2.5292899799217275e-06,
7.1688670702230308e-05,	1.4467279970297324e-05,	9.3025063827740746e-06,	-5.1929435971342237e-06,	-1.3459592970352842e-05,	8.2054838512146108e-05,	3.1822273593711083e-05,	-1.6704572180142250e-04,	-2.5183200048214186e-05,	8.0732764503215957e-06,	-1.5725188780390028e-06,	1.0595878636230424e-06,	-2.7088935065274920e-05,	-9.4787457784500248e-05,	-2.3660730279706983e-06,	7.0904760225808626e-05,	1.5061425337935474e-05,	7.6769531830059839e-06,	-8.9861392584625496e-06,	1.0930474213681896e-05,	8.9506723733976266e-05,	-1.0589761375958638e-05,	-9.9081357570536808e-07,	1.4010640422248798e-05,	7.0685778615370209e-05,	1.5073880821051511e-05,	8.7708075919891770e-06,	-9.7651732851016919e-06,	1.0804762310151300e-05,	8.9366443290028692e-05,	-4.1511638893895809e-06,	-7.5181162756792265e-07,	-9.5176376600694685e-06,	6.9712402579825107e-05,	1.4439641608696243e-05,	9.1900467551619235e-06,	-9.7746302535762059e-06,	1.0310407547892170e-05,	8.8306179924514284e-05,	2.5050795451604748e-06,	-1.0469112006555299e-05,	-1.2808186751710779e-05,	7.0093870658509245e-05,	1.4156873376085084e-05,	9.0954579046505698e-06,	-9.2552875907908020e-06,	7.7546546742589678e-06,	8.6738641181925108e-05,	9.4160869895826423e-06,	-4.8300548223151339e-05,	-1.9752748341749303e-05,	7.0881157315373322e-05,	1.4310195709271309e-05,	9.1977248299963439e-06,	-7.8028165490815522e-06,	2.1270616669726068e-07,	8.4546700788071087e-05,	2.0402121260488303e-05,	-1.0652918581829998e-04,	-2.4369100645097288e-05,	7.1688670702230308e-05,	1.4467279970297324e-05,	9.3025063827740746e-06,	-5.1929435971342237e-06,	-1.3459592970352842e-05,	8.2054838512146108e-05,	3.1822273593711083e-05,	-1.6704572180142250e-04,	-2.5183200048214186e-05,
-2.7910890387945271e-05,	1.1346955361958908e-05,	-5.9552339934072585e-05,	2.9769050084817481e-05,	2.1839981249681046e-05,	-6.7018443405939017e-07,	4.8457644957431663e-06,	6.1729850583060886e-05,	4.3094129393212810e-05,	-3.3918607786477362e-06,	-1.3905357891621539e-06,	-6.8938571052860878e-06,	-9.4401299894114495e-06,	1.0139952395816489e-05,	3.9683038019041428e-06,	-1.9055537818797889e-05,	-1.7102004596193956e-06,	-3.6607690014201779e-05,	1.7983629927040889e-05,	9.0517081471028994e-06,	-1.0589761375958638e-05,	6.2601932605106973e-04,	4.6490251112482679e-05,	-5.6382805294822379e-05,	-2.8033976509864907e-05,	8.4617307763722469e-06,	-6.8525722735810569e-05,	3.8252953438119077e-05,	1.2801768722770956e-05,	-1.4184083759049433e-05,	-3.0695142043578150e-05,	2.6601939343803094e-05,	-1.0590876692262533e-05,	-2.8500716241971001e-05,	9.4833101545586577e-06,	-6.2791476895013052e-05,	3.3384227016632148e-05,	1.4320015691538799e-05,	-1.2839223594337998e-05,	-4.4659732133154727e-05,	4.7269052442814991e-06,	3.1510485235173793e-05,	-2.7239066883699755e-05,	1.1071978694811513e-05,	-5.8191824705117950e-05,	3.0783085895731093e-05,	1.4750276245758859e-05,	-9.0966316687435894e-06,	-1.5012466817527084e-05,	1.0270021877164148e-05,	4.2130607265001046e-05,	-2.7570707375652782e-05,	1.1207742037844755e-05,	-5.8863477898054316e-05,	2.9792080075953689e-05,	1.6980355278414117e-05,	-4.9595235083317191e-06,	-5.2923179798951116e-06,	3.5513474956521531e-05,	4.2688379391600976e-05,	-2.7910890387945271e-05,	1.1346955361958908e-05,	-5.9552339934072585e-05,	2.9769050084817481e-05,	2.1839981249681046e-05,	-6.7018443405939017e-07,	4.8457644957431663e-06,	6.1729850583060886e-05,	4.3094129393212810e-05,
