MatrixXd x(76, 1);
x <<
1.179253e-04,
9.999997e-01,
1.534385e-04,
-6.920372e-04,
-1.526877e-04,
-3.806015e-04,
1.502224e-01,
-8.432483e-04,
-9.579221e-04,
3.809706e-05,
2.610196e-04,
2.194491e-04,
-3.053412e-04,
4.571223e-02,
2.495964e-04,
-1.387085e-04,
1.704401e-04,
9.999997e-01,
3.148403e-04,
-7.258662e-04,
1.434554e-04,
-1.846065e-04,
1.502422e-01,
-2.288043e-04,
-7.375067e-05,
5.802533e-05,
1.948353e-04,
9.999997e-01,
2.886978e-04,
-7.351173e-04,
1.573940e-04,
-1.674981e-04,
1.502255e-01,
2.524044e-06,
-3.673167e-05,
-5.567105e-04,
2.040421e-04,
9.999998e-01,
2.457435e-04,
-6.348217e-04,
1.365631e-04,
-1.605571e-04,
1.501748e-01,
-4.994151e-04,
1.708756e-04,
-2.792503e-05,
9.749391e-05,
9.999998e-01,
2.698096e-04,
-6.437533e-04,
5.085497e-05,
-1.919602e-04,
1.501912e-01,
-9.635663e-04,
-7.754158e-04,
3.595992e-04,
-1.214546e-05,
9.999997e-01,
6.921790e-05,
-7.487270e-04,
-5.707844e-05,
-2.848814e-04,
1.502138e-01,
-1.002820e-03,
-1.097066e-03,
1.023778e-04,
1.179253e-04,
9.999997e-01,
1.534385e-04,
-6.920372e-04,
-1.526877e-04,
-3.806015e-04,
1.502224e-01,
-8.432483e-04,
-9.579221e-04,
3.809706e-05;
MatrixXd sigma(69, 69);
sigma <<
5.643549e-04,	-3.626490e-05,	3.773995e-05,	-3.829191e-05,	-1.401887e-04,	1.252415e-04,	-4.995467e-05,	-8.553506e-04,	1.229894e-04,	5.879871e-05,	3.782707e-06,	4.157460e-06,	1.220780e-04,	-1.984076e-03,	1.149665e-05,	3.950416e-04,	-2.824729e-05,	3.230502e-05,	-3.041763e-05,	-1.731351e-05,	7.168867e-05,	-2.791089e-05,	-8.969283e-06,	5.542066e-05,	4.095851e-04,	-2.952433e-05,	3.571797e-05,	-3.269696e-05,	-1.822176e-05,	7.821378e-05,	-1.378995e-05,	-7.838553e-06,	8.382205e-05,	4.350455e-04,	-3.214552e-05,	3.546104e-05,	-3.309730e-05,	-2.117590e-05,	8.847478e-05,	3.297188e-06,	-6.231515e-05,	1.196068e-04,	4.736475e-04,	-3.551674e-05,	3.693567e-05,	-3.293579e-05,	-3.474622e-05,	1.008250e-04,	-4.511860e-06,	-2.417639e-04,	1.278533e-04,	5.184252e-04,	-3.588546e-05,	3.733299e-05,	-3.445785e-05,	-7.166361e-05,	1.129790e-04,	-2.677324e-05,	-5.226418e-04,	1.226230e-04,	5.643549e-04,	-3.626490e-05,	3.773995e-05,	-3.829191e-05,	-1.401887e-04,	1.252415e-04,	-4.995467e-05,	-8.553506e-04,	1.229894e-04,
-3.626490e-05,	4.948990e-04,	-8.709582e-05,	1.807147e-04,	3.270923e-05,	2.427921e-05,	7.321730e-04,	5.065689e-05,	2.587459e-05,	-3.849234e-06,	-5.149093e-05,	-8.021665e-06,	-1.718864e-03,	1.201128e-04,	-3.693667e-07,	-2.998216e-05,	3.414954e-04,	-7.105328e-05,	7.438976e-05,	2.633987e-05,	1.446728e-05,	1.134696e-05,	1.645067e-05,	6.693697e-06,	-3.137249e-05,	3.491114e-04,	-7.242338e-05,	7.606465e-05,	2.763511e-05,	1.523390e-05,	2.247540e-05,	5.687261e-06,	1.006130e-05,	-3.288833e-05,	3.677875e-04,	-7.478870e-05,	8.013917e-05,	2.749252e-05,	1.667928e-05,	6.108233e-05,	-5.879482e-06,	2.061451e-05,	-3.550320e-05,	4.056355e-04,	-8.551483e-05,	9.156422e-05,	2.725938e-05,	1.912399e-05,	1.995116e-04,	4.781544e-06,	2.689874e-05,	-3.587976e-05,	4.497003e-04,	-8.629494e-05,	1.224356e-04,	2.881814e-05,	2.169249e-05,	4.407723e-04,	2.722860e-05,	2.590792e-05,	-3.626490e-05,	4.948990e-04,	-8.709582e-05,	1.807147e-04,	3.270923e-05,	2.427921e-05,	7.321730e-04,	5.065689e-05,	2.587459e-05,
3.773995e-05,	-8.709582e-05,	1.459637e-03,	-6.438141e-04,	-1.841129e-04,	6.828233e-06,	-2.319053e-04,	-1.096349e-04,	-1.229989e-05,	4.029105e-06,	7.860692e-06,	1.365762e-04,	5.368044e-04,	-4.935770e-05,	-2.370813e-07,	3.592934e-05,	-7.341872e-05,	1.290788e-03,	-5.733496e-04,	-1.612911e-04,	9.302506e-06,	-5.955234e-05,	-2.311683e-05,	2.377377e-05,	3.976197e-05,	-7.588871e-05,	1.304215e-03,	-5.798600e-04,	-1.633087e-04,	1.072452e-05,	-7.603237e-05,	-1.793810e-05,	3.735190e-06,	3.920731e-05,	-8.132994e-05,	1.322970e-03,	-5.894584e-04,	-1.652605e-04,	1.027602e-05,	-1.239615e-04,	-2.378700e-05,	-9.624582e-06,	3.690563e-05,	-8.553745e-05,	1.353571e-03,	-6.041165e-04,	-1.686174e-04,	9.219378e-06,	-1.708943e-04,	-4.722670e-05,	-1.166314e-05,	3.731691e-05,	-8.630779e-05,	1.405930e-03,	-6.222022e-04,	-1.747328e-04,	8.052919e-06,	-2.002585e-04,	-7.794050e-05,	-1.216504e-05,	3.773995e-05,	-8.709582e-05,	1.459637e-03,	-6.438141e-04,	-1.841129e-04,	6.828233e-06,	-2.319053e-04,	-1.096349e-04,	-1.229989e-05,
-3.829191e-05,	1.807147e-04,	-6.438141e-04,	5.854279e-04,	4.157982e-05,	1.277207e-06,	1.282327e-03,	4.025741e-05,	1.808061e-05,	-3.905489e-06,	-1.919066e-05,	-6.014946e-05,	-4.403686e-04,	1.341727e-04,	9.181501e-07,	-3.503112e-05,	1.292451e-04,	-5.745975e-04,	3.518383e-04,	3.739781e-05,	-5.192944e-06,	2.976905e-05,	1.788806e-05,	-7.554115e-06,	-3.692167e-05,	1.336168e-04,	-5.800079e-04,	3.550254e-04,	3.894971e-05,	-5.277614e-06,	3.678979e-05,	1.126408e-05,	7.093258e-06,	-3.704097e-05,	1.462363e-04,	-5.918359e-04,	3.622709e-04,	3.928907e-05,	-3.970433e-06,	1.342810e-04,	-7.240746e-06,	1.670846e-05,	-3.750383e-05,	1.719682e-04,	-6.319367e-04,	3.907492e-04,	3.827119e-05,	-2.272001e-06,	5.315667e-04,	-6.641324e-06,	1.781887e-05,	-3.789279e-05,	1.781636e-04,	-6.377999e-04,	4.680999e-04,	3.874989e-05,	-5.253790e-07,	1.024968e-03,	1.636459e-05,	1.796480e-05,	-3.829191e-05,	1.807147e-04,	-6.438141e-04,	5.854279e-04,	4.157982e-05,	1.277207e-06,	1.282327e-03,	4.025741e-05,	1.808061e-05,
-1.401887e-04,	3.270923e-05,	-1.841129e-04,	4.157982e-05,	4.828913e-04,	-1.283318e-05,	2.480327e-05,	1.368949e-03,	2.514668e-05,	-1.651162e-05,	-3.190316e-06,	-1.744238e-05,	-1.475546e-04,	-3.848473e-05,	2.062137e-06,	-8.882401e-05,	2.931806e-05,	-1.668809e-04,	3.888540e-05,	2.330154e-04,	-1.345959e-05,	2.183998e-05,	1.069808e-05,	-3.056094e-05,	-9.573309e-05,	3.004106e-05,	-1.689678e-04,	4.074409e-05,	2.336665e-04,	-1.663509e-05,	1.258799e-05,	5.740415e-06,	-3.373943e-05,	-1.082886e-04,	3.107852e-05,	-1.715014e-04,	4.107953e-05,	2.393007e-04,	-1.906861e-05,	-7.125267e-06,	1.517036e-04,	-4.477099e-06,	-1.319690e-04,	3.207814e-05,	-1.806735e-04,	4.002620e-05,	2.727134e-04,	-1.771501e-05,	-8.825009e-06,	6.015513e-04,	2.382660e-05,	-1.379038e-04,	3.238964e-05,	-1.823713e-04,	3.996238e-05,	3.573085e-04,	-1.533440e-05,	7.571246e-06,	1.103479e-03,	2.484568e-05,	-1.401887e-04,	3.270923e-05,	-1.841129e-04,	4.157982e-05,	4.828913e-04,	-1.283318e-05,	2.480327e-05,	1.368949e-03,	2.514668e-05,
1.252415e-04,	2.427921e-05,	6.828233e-06,	1.277207e-06,	-1.283318e-05,	2.834664e-04,	5.937620e-05,	-2.443052e-04,	9.871237e-04,	1.469205e-05,	-2.785517e-06,	7.789467e-07,	-2.849575e-05,	-1.102787e-04,	9.081461e-05,	6.733698e-05,	1.427186e-05,	7.899914e-06,	-7.672784e-06,	1.175654e-05,	8.205484e-05,	-6.701844e-07,	3.777061e-06,	1.303548e-05,	7.246848e-05,	1.478219e-05,	8.945585e-06,	-7.761714e-06,	1.212698e-05,	8.453107e-05,	1.973876e-07,	6.270946e-06,	4.563268e-05,	8.604368e-05,	1.701488e-05,	7.751760e-06,	-7.453062e-06,	1.316769e-05,	9.374120e-05,	5.753414e-06,	1.874158e-05,	1.605560e-04,	1.223398e-04,	2.373000e-05,	6.678434e-06,	-6.388100e-06,	1.376979e-05,	1.224734e-04,	1.842684e-05,	-2.603657e-05,	4.895357e-04,	1.237720e-04,	2.400103e-05,	6.752481e-06,	-3.614668e-06,	6.024073e-06,	1.894310e-04,	3.850700e-05,	-1.330755e-04,	8.548891e-04,	1.252415e-04,	2.427921e-05,	6.828233e-06,	1.277207e-06,	-1.283318e-05,	2.834664e-04,	5.937620e-05,	-2.443052e-04,	9.871237e-04,
-4.995467e-05,	7.321730e-04,	-2.319053e-04,	1.282327e-03,	2.480327e-05,	5.937620e-05,	8.627960e-03,	1.697144e-05,	6.094377e-05,	-5.854594e-06,	-8.423540e-05,	-2.647881e-05,	-2.263685e-04,	5.296933e-05,	5.122408e-06,	-4.091695e-05,	4.367624e-04,	-7.617279e-05,	9.755594e-05,	3.353348e-05,	3.182227e-05,	4.845764e-06,	3.909739e-05,	2.663009e-05,	-4.178417e-05,	4.552545e-04,	-7.402839e-05,	9.788757e-05,	3.706295e-05,	3.535260e-05,	3.320941e-06,	2.289205e-05,	4.767829e-05,	-4.288226e-05,	5.097872e-04,	-8.892125e-05,	1.108766e-04,	3.645003e-05,	4.102209e-05,	3.587768e-04,	-4.575018e-05,	6.278544e-05,	-4.879218e-05,	6.398115e-04,	-2.266826e-04,	2.168049e-04,	2.990213e-05,	4.725162e-05,	2.256321e-03,	-6.827765e-05,	6.331753e-05,	-4.936687e-05,	7.045769e-04,	-2.292596e-04,	5.854028e-04,	2.528185e-05,	5.329045e-05,	5.378986e-03,	-2.646287e-05,	6.093318e-05,	-4.995467e-05,	7.321730e-04,	-2.319053e-04,	1.282327e-03,	2.480327e-05,	5.937620e-05,	8.627960e-03,	1.697144e-05,	6.094377e-05,
-8.553506e-04,	5.065689e-05,	-1.096349e-04,	4.025741e-05,	1.368949e-03,	-2.443052e-04,	1.697144e-05,	9.258137e-03,	-9.726470e-05,	-9.909456e-05,	-5.854255e-06,	-1.241623e-05,	-6.087306e-05,	2.461038e-04,	-9.233960e-06,	-5.232674e-04,	3.545070e-05,	-7.402594e-05,	4.633377e-05,	6.431145e-05,	-1.670457e-04,	6.172985e-05,	-3.714226e-05,	-1.673987e-04,	-5.606970e-04,	3.503324e-05,	-7.836462e-05,	5.170008e-05,	5.795630e-05,	-1.867707e-04,	3.585997e-05,	-9.010223e-05,	-2.399730e-04,	-6.307080e-04,	4.037898e-05,	-7.872116e-05,	5.178568e-05,	6.817148e-05,	-2.106259e-04,	-4.303842e-05,	4.815002e-04,	-1.964402e-04,	-7.600522e-04,	4.949864e-05,	-1.072264e-04,	4.534352e-05,	2.019793e-04,	-2.245683e-04,	-6.807851e-05,	2.654344e-03,	-1.098607e-04,	-8.262673e-04,	5.006942e-05,	-1.084125e-04,	4.073291e-05,	6.149300e-04,	-2.345819e-04,	-2.640330e-05,	5.890962e-03,	-9.794861e-05,	-8.553506e-04,	5.065689e-05,	-1.096349e-04,	4.025741e-05,	1.368949e-03,	-2.443052e-04,	1.697144e-05,	9.258137e-03,	-9.726470e-05,
1.229894e-04,	2.587459e-05,	-1.229989e-05,	1.808061e-05,	2.514668e-05,	9.871237e-04,	6.094377e-05,	-9.726470e-05,	7.161545e-03,	1.532111e-05,	-3.220336e-06,	-1.404790e-06,	-2.801787e-06,	-3.112913e-05,	6.563347e-04,	-1.449296e-05,	-4.048925e-06,	-3.974031e-06,	6.093622e-06,	2.529290e-06,	-2.518320e-05,	4.309413e-05,	1.063231e-05,	-5.434210e-05,	-1.788209e-05,	-4.946922e-06,	-5.352310e-06,	9.404938e-06,	3.216131e-06,	-2.783694e-05,	2.146980e-05,	1.043701e-05,	1.638851e-05,	4.025645e-07,	9.214783e-07,	-9.696152e-06,	1.044371e-05,	7.794016e-06,	-1.130344e-05,	3.017451e-06,	1.073151e-04,	4.114202e-04,	1.199654e-04,	2.525408e-05,	-1.201824e-05,	1.092317e-05,	2.160197e-05,	8.961831e-05,	1.174417e-05,	1.321772e-04,	2.009509e-03,	1.214576e-04,	2.555728e-05,	-1.215718e-05,	1.324208e-05,	2.901503e-05,	4.054580e-04,	3.587315e-05,	1.964981e-05,	4.538441e-03,	1.229894e-04,	2.587459e-05,	-1.229989e-05,	1.808061e-05,	2.514668e-05,	9.871237e-04,	6.094377e-05,	-9.726470e-05,	7.161545e-03,
5.879871e-05,	-3.849234e-06,	4.029105e-06,	-3.905489e-06,	-1.651162e-05,	1.469205e-05,	-5.854594e-06,	-9.909456e-05,	1.532111e-05,	5.716121e-05,	4.153966e-07,	4.523700e-07,	1.029379e-05,	-1.621121e-04,	1.424789e-06,	3.800874e-05,	-2.886353e-06,	3.425252e-06,	-2.976971e-06,	-2.264035e-06,	8.073276e-06,	-3.391861e-06,	-1.148837e-06,	6.740205e-06,	3.978214e-05,	-3.043486e-06,	3.840965e-06,	-3.253422e-06,	-2.380473e-06,	8.867676e-06,	-1.664923e-06,	-1.062371e-06,	1.022776e-05,	4.288999e-05,	-3.361532e-06,	3.804624e-06,	-3.300812e-06,	-2.739138e-06,	1.012484e-05,	4.075328e-07,	-7.385861e-06,	1.472875e-05,	4.758836e-05,	-3.766301e-06,	3.955860e-06,	-3.279687e-06,	-4.320295e-06,	1.165285e-05,	-5.084504e-07,	-2.798755e-05,	1.587382e-05,	5.310306e-05,	-3.806608e-06,	3.992330e-06,	-3.456634e-06,	-8.584899e-06,	1.316457e-05,	-3.128060e-06,	-6.036929e-05,	1.527183e-05,	5.879871e-05,	-3.849234e-06,	4.029105e-06,	-3.905489e-06,	-1.651162e-05,	1.469205e-05,	-5.854594e-06,	-9.909456e-05,	1.532111e-05,
3.782707e-06,	-5.149093e-05,	7.860692e-06,	-1.919066e-05,	-3.190316e-06,	-2.785517e-06,	-8.423540e-05,	-5.854255e-06,	-3.220336e-06,	4.153966e-07,	5.635990e-05,	7.450129e-07,	1.410940e-04,	-9.756154e-06,	-7.083962e-08,	3.038827e-06,	-3.263089e-05,	6.068841e-06,	-6.927111e-06,	-2.455550e-06,	-1.572519e-06,	-1.390536e-06,	-1.990931e-06,	-8.147303e-07,	3.206860e-06,	-3.356065e-05,	6.233344e-06,	-7.130983e-06,	-2.612113e-06,	-1.665837e-06,	-2.777190e-06,	-6.820397e-07,	-1.227616e-06,	3.389309e-06,	-3.583539e-05,	6.506531e-06,	-7.623048e-06,	-2.593653e-06,	-1.843352e-06,	-7.285115e-06,	7.208083e-07,	-2.540804e-06,	3.701320e-06,	-4.043891e-05,	7.716051e-06,	-8.954682e-06,	-2.563170e-06,	-2.145206e-06,	-2.299627e-05,	-5.231876e-07,	-3.329763e-06,	3.742123e-06,	-4.587545e-05,	7.787029e-06,	-1.249749e-05,	-2.741241e-06,	-2.463793e-06,	-5.054342e-05,	-3.133871e-06,	-3.220155e-06,	3.782707e-06,	-5.149093e-05,	7.860692e-06,	-1.919066e-05,	-3.190316e-06,	-2.785517e-06,	-8.423540e-05,	-5.854255e-06,	-3.220336e-06,
4.157460e-06,	-8.021665e-06,	1.365762e-04,	-6.014946e-05,	-1.744238e-05,	7.789467e-07,	-2.647881e-05,	-1.241623e-05,	-1.404790e-06,	4.523700e-07,	7.450129e-07,	6.388680e-05,	4.436272e-05,	-4.789460e-06,	-5.526834e-08,	3.937510e-06,	-6.483382e-06,	1.167239e-04,	-5.199755e-05,	-1.483195e-05,	1.059588e-06,	-6.893857e-06,	-2.654601e-06,	2.741274e-06,	4.380894e-06,	-6.770418e-06,	1.182775e-04,	-5.275261e-05,	-1.506438e-05,	1.223537e-06,	-8.854672e-06,	-2.079861e-06,	4.334730e-07,	4.317277e-06,	-7.398140e-06,	1.204631e-04,	-5.387194e-05,	-1.529232e-05,	1.172504e-06,	-1.447041e-05,	-2.783295e-06,	-1.099356e-06,	4.050143e-06,	-7.871814e-06,	1.240378e-04,	-5.558072e-05,	-1.568101e-05,	1.051901e-06,	-1.986224e-05,	-5.425125e-06,	-1.331068e-06,	4.102782e-06,	-7.946272e-06,	1.302081e-04,	-5.767230e-05,	-1.637856e-05,	9.187789e-07,	-2.305762e-05,	-8.860227e-06,	-1.388751e-06,	4.157460e-06,	-8.021665e-06,	1.365762e-04,	-6.014946e-05,	-1.744238e-05,	7.789467e-07,	-2.647881e-05,	-1.241623e-05,	-1.404790e-06,
1.220780e-04,	-1.718864e-03,	5.368044e-04,	-4.403686e-04,	-1.475546e-04,	-2.849575e-05,	-2.263685e-04,	-6.087306e-05,	-2.801787e-06,	1.029379e-05,	1.410940e-04,	4.436272e-05,	1.594366e-02,	-9.594294e-04,	2.167385e-05,	1.162299e-04,	-1.670178e-03,	5.187579e-04,	-4.047522e-04,	-1.386353e-04,	-2.708894e-05,	-9.440130e-06,	-7.090664e-06,	-2.529162e-07,	1.172957e-04,	-1.672651e-03,	5.203255e-04,	-4.058596e-04,	-1.391949e-04,	-2.715230e-05,	-1.268115e-05,	-2.807214e-06,	-1.373444e-06,	1.182556e-04,	-1.678996e-03,	5.225308e-04,	-4.077523e-04,	-1.393603e-04,	-2.736043e-05,	-2.693417e-05,	-2.044063e-06,	-3.526915e-06,	1.200345e-04,	-1.690996e-03,	5.280517e-04,	-4.120882e-04,	-1.400911e-04,	-2.782013e-05,	-6.923046e-05,	-1.545142e-05,	-4.521950e-06,	1.210447e-04,	-1.704753e-03,	5.323717e-04,	-4.221698e-04,	-1.426594e-04,	-2.819680e-05,	-1.397725e-04,	-3.723333e-05,	-3.108463e-06,	1.220780e-04,	-1.718864e-03,	5.368044e-04,	-4.403686e-04,	-1.475546e-04,	-2.849575e-05,	-2.263685e-04,	-6.087306e-05,	-2.801787e-06,
-1.984076e-03,	1.201128e-04,	-4.935770e-05,	1.341727e-04,	-3.848473e-05,	-1.102787e-04,	5.296933e-05,	2.461038e-04,	-3.112913e-05,	-1.621121e-04,	-9.756154e-06,	-4.789460e-06,	-9.594294e-04,	1.843047e-02,	-4.306516e-06,	-1.925838e-03,	1.140666e-04,	-4.601892e-05,	1.261937e-04,	-7.401840e-05,	-9.478746e-05,	1.013995e-05,	4.732226e-06,	-1.733352e-05,	-1.930812e-03,	1.146279e-04,	-4.732796e-05,	1.270562e-04,	-7.358176e-05,	-9.685839e-05,	5.584394e-06,	3.516385e-06,	-2.630078e-05,	-1.939351e-03,	1.160591e-04,	-4.744097e-05,	1.273360e-04,	-7.262507e-05,	-1.001287e-04,	1.258375e-06,	1.940808e-05,	-3.833633e-05,	-1.952057e-03,	1.181832e-04,	-4.845813e-05,	1.278260e-04,	-6.863485e-05,	-1.039217e-04,	1.171118e-05,	6.969094e-05,	-3.670868e-05,	-1.967864e-03,	1.191340e-04,	-4.890297e-05,	1.299378e-04,	-5.810301e-05,	-1.071757e-04,	3.179332e-05,	1.488411e-04,	-3.107799e-05,	-1.984076e-03,	1.201128e-04,	-4.935770e-05,	1.341727e-04,	-3.848473e-05,	-1.102787e-04,	5.296933e-05,	2.461038e-04,	-3.112913e-05,
1.149665e-05,	-3.693667e-07,	-2.370813e-07,	9.181501e-07,	2.062137e-06,	9.081461e-05,	5.122408e-06,	-9.233960e-06,	6.563347e-04,	1.424789e-06,	-7.083962e-08,	-5.526834e-08,	2.167385e-05,	-4.306516e-06,	2.420657e-03,	-1.170915e-06,	-3.045439e-06,	4.936049e-07,	-1.037892e-07,	3.180838e-08,	-2.366073e-06,	3.968304e-06,	9.809164e-07,	-7.943604e-06,	-1.481255e-06,	-3.131340e-06,	3.673537e-07,	2.003836e-07,	9.430446e-08,	-2.610473e-06,	1.974133e-06,	9.500850e-07,	-1.435940e-06,	2.043451e-07,	-2.601412e-06,	-2.881907e-08,	2.935236e-07,	5.136496e-07,	-1.089395e-06,	2.175292e-07,	9.851675e-06,	3.491421e-05,	1.121527e-05,	-3.833409e-07,	-2.257653e-07,	3.262192e-07,	1.778527e-06,	8.198385e-06,	8.860109e-07,	1.203983e-05,	1.820106e-04,	1.135418e-05,	-3.764245e-07,	-2.313439e-07,	5.134544e-07,	2.443121e-06,	3.726991e-05,	2.961647e-06,	1.588408e-06,	4.148196e-04,	1.149665e-05,	-3.693667e-07,	-2.370813e-07,	9.181501e-07,	2.062137e-06,	9.081461e-05,	5.122408e-06,	-9.233960e-06,	6.563347e-04,
3.950416e-04,	-2.998216e-05,	3.592934e-05,	-3.503112e-05,	-8.882401e-05,	6.733698e-05,	-4.091695e-05,	-5.232674e-04,	-1.449296e-05,	3.800874e-05,	3.038827e-06,	3.937510e-06,	1.162299e-04,	-1.925838e-03,	-1.170915e-06,	3.850672e-04,	-2.803229e-05,	2.958808e-05,	-2.871230e-05,	-1.620197e-05,	7.090476e-05,	-1.905554e-05,	-4.804414e-06,	2.551845e-05,	3.840286e-04,	-2.724279e-05,	3.264802e-05,	-3.007545e-05,	-1.586694e-05,	7.117321e-05,	-7.124309e-06,	1.172489e-05,	-7.007738e-06,	3.837638e-04,	-2.804818e-05,	3.292326e-05,	-3.027783e-05,	-1.593947e-05,	7.068706e-05,	1.372991e-06,	-2.043952e-05,	-4.805182e-06,	3.875338e-04,	-2.938124e-05,	3.516258e-05,	-3.038083e-05,	-2.308787e-05,	6.997929e-05,	-6.354267e-06,	-1.448651e-04,	-1.016862e-05,	3.912402e-04,	-2.967750e-05,	3.554128e-05,	-3.182300e-05,	-4.620022e-05,	6.876924e-05,	-2.328047e-05,	-3.298150e-04,	-1.396044e-05,	3.950416e-04,	-2.998216e-05,	3.592934e-05,	-3.503112e-05,	-8.882401e-05,	6.733698e-05,	-4.091695e-05,	-5.232674e-04,	-1.449296e-05,
-2.824729e-05,	3.414954e-04,	-7.341872e-05,	1.292451e-04,	2.931806e-05,	1.427186e-05,	4.367624e-04,	3.545070e-05,	-4.048925e-06,	-2.886353e-06,	-3.263089e-05,	-6.483382e-06,	-1.670178e-03,	1.140666e-04,	-3.045439e-06,	-2.803229e-05,	3.360590e-04,	-6.438349e-05,	7.083367e-05,	2.525603e-05,	1.506143e-05,	-1.710200e-06,	1.654607e-05,	1.096431e-05,	-2.676119e-05,	3.319344e-04,	-6.448995e-05,	7.019794e-05,	2.616405e-05,	1.548963e-05,	-9.832162e-06,	3.579881e-07,	-4.472870e-07,	-2.690477e-05,	3.315793e-04,	-6.454401e-05,	7.029778e-05,	2.568056e-05,	1.526864e-05,	1.291851e-05,	-6.510435e-06,	-2.865597e-06,	-2.767590e-05,	3.350505e-04,	-7.214047e-05,	7.539414e-05,	2.546653e-05,	1.500377e-05,	1.106870e-04,	3.742694e-06,	-3.010304e-06,	-2.795831e-05,	3.382322e-04,	-7.277127e-05,	9.393016e-05,	2.658587e-05,	1.466705e-05,	2.700478e-04,	1.924211e-05,	-3.829925e-06,	-2.824729e-05,	3.414954e-04,	-7.341872e-05,	1.292451e-04,	2.931806e-05,	1.427186e-05,	4.367624e-04,	3.545070e-05,	-4.048925e-06,
3.230502e-05,	-7.105328e-05,	1.290788e-03,	-5.745975e-04,	-1.668809e-04,	7.899914e-06,	-7.617279e-05,	-7.402594e-05,	-3.974031e-06,	3.425252e-06,	6.068841e-06,	1.167239e-04,	5.187579e-04,	-4.601892e-05,	4.936049e-07,	2.958808e-05,	-6.438349e-05,	1.254284e-03,	-5.558746e-04,	-1.555939e-04,	7.676953e-06,	-3.660769e-05,	-1.377002e-05,	1.697795e-05,	3.248563e-05,	-6.588980e-05,	1.257599e-03,	-5.578643e-04,	-1.561994e-04,	8.842687e-06,	-1.251200e-05,	-1.048356e-06,	5.771420e-06,	3.238875e-05,	-6.778239e-05,	1.261012e-03,	-5.596313e-04,	-1.563579e-04,	8.937095e-06,	-2.542711e-05,	-3.654980e-06,	-2.080845e-06,	3.159556e-05,	-6.984966e-05,	1.267736e-03,	-5.629600e-04,	-1.574562e-04,	8.658753e-06,	-4.233886e-05,	-2.134744e-05,	-3.447380e-06,	3.194528e-05,	-7.044472e-05,	1.279116e-03,	-5.678646e-04,	-1.608144e-04,	8.295458e-06,	-5.840330e-05,	-4.727879e-05,	-3.905577e-06,	3.230502e-05,	-7.105328e-05,	1.290788e-03,	-5.745975e-04,	-1.668809e-04,	7.899914e-06,	-7.617279e-05,	-7.402594e-05,	-3.974031e-06,
-3.041763e-05,	7.438976e-05,	-5.733496e-04,	3.518383e-04,	3.888540e-05,	-7.672784e-06,	9.755594e-05,	4.633377e-05,	6.093622e-06,	-2.976971e-06,	-6.927111e-06,	-5.199755e-05,	-4.047522e-04,	1.261937e-04,	-1.037892e-07,	-2.871230e-05,	7.083367e-05,	-5.558746e-04,	3.352089e-04,	3.149158e-05,	-8.986139e-06,	1.798363e-05,	8.183521e-06,	-7.975527e-06,	-2.980820e-05,	7.082528e-05,	-5.575277e-04,	3.359697e-04,	3.209181e-05,	-9.467018e-06,	2.709441e-06,	3.593533e-06,	-1.394073e-06,	-2.984500e-05,	7.162093e-05,	-5.590525e-04,	3.366539e-04,	3.236268e-05,	-9.314982e-06,	1.240077e-05,	2.843678e-06,	3.767923e-06,	-2.981505e-05,	7.301939e-05,	-5.630813e-04,	3.388322e-04,	3.303884e-05,	-8.846663e-06,	3.471794e-05,	1.293850e-05,	5.533656e-06,	-3.011234e-05,	7.369627e-05,	-5.681504e-04,	3.436995e-04,	3.510343e-05,	-8.279288e-06,	6.525016e-05,	2.931850e-05,	6.005706e-06,	-3.041763e-05,	7.438976e-05,	-5.733496e-04,	3.518383e-04,	3.888540e-05,	-7.672784e-06,	9.755594e-05,	4.633377e-05,	6.093622e-06,
-1.731351e-05,	2.633987e-05,	-1.612911e-04,	3.739781e-05,	2.330154e-04,	1.175654e-05,	3.353348e-05,	6.431145e-05,	2.529290e-06,	-2.264035e-06,	-2.455550e-06,	-1.483195e-05,	-1.386353e-04,	-7.401840e-05,	3.180838e-08,	-1.620197e-05,	2.525603e-05,	-1.555939e-04,	3.149158e-05,	2.243667e-04,	1.093047e-05,	9.051708e-06,	1.420153e-05,	-1.467208e-06,	-1.644014e-05,	2.580001e-05,	-1.564106e-04,	3.218535e-05,	2.246020e-04,	1.087011e-05,	4.276536e-06,	-4.324735e-06,	-4.256084e-08,	-1.641124e-05,	2.582463e-05,	-1.568667e-04,	3.248845e-05,	2.243305e-04,	1.094018e-05,	3.075986e-06,	1.147988e-07,	1.994804e-06,	-1.686220e-05,	2.585423e-05,	-1.583625e-04,	3.308366e-05,	2.250383e-04,	1.122666e-05,	1.034779e-05,	1.657961e-05,	3.171254e-06,	-1.708495e-05,	2.609407e-05,	-1.598083e-04,	3.464048e-05,	2.277989e-04,	1.150244e-05,	2.163030e-05,	4.004412e-05,	2.594401e-06,	-1.731351e-05,	2.633987e-05,	-1.612911e-04,	3.739781e-05,	2.330154e-04,	1.175654e-05,	3.353348e-05,	6.431145e-05,	2.529290e-06,
7.168867e-05,	1.446728e-05,	9.302506e-06,	-5.192944e-06,	-1.345959e-05,	8.205484e-05,	3.182227e-05,	-1.670457e-04,	-2.518320e-05,	8.073276e-06,	-1.572519e-06,	1.059588e-06,	-2.708894e-05,	-9.478746e-05,	-2.366073e-06,	7.090476e-05,	1.506143e-05,	7.676953e-06,	-8.986139e-06,	1.093047e-05,	8.950672e-05,	-1.058976e-05,	-9.908136e-07,	1.401064e-05,	7.068578e-05,	1.507388e-05,	8.770808e-06,	-9.765173e-06,	1.080476e-05,	8.936644e-05,	-4.151164e-06,	-7.518116e-07,	-9.517638e-06,	6.971240e-05,	1.443964e-05,	9.190047e-06,	-9.774630e-06,	1.031041e-05,	8.830618e-05,	2.505080e-06,	-1.046911e-05,	-1.280819e-05,	7.009387e-05,	1.415687e-05,	9.095458e-06,	-9.255288e-06,	7.754655e-06,	8.673864e-05,	9.416087e-06,	-4.830055e-05,	-1.975275e-05,	7.088116e-05,	1.431020e-05,	9.197725e-06,	-7.802817e-06,	2.127062e-07,	8.454670e-05,	2.040212e-05,	-1.065292e-04,	-2.436910e-05,	7.168867e-05,	1.446728e-05,	9.302506e-06,	-5.192944e-06,	-1.345959e-05,	8.205484e-05,	3.182227e-05,	-1.670457e-04,	-2.518320e-05,
-2.791089e-05,	1.134696e-05,	-5.955234e-05,	2.976905e-05,	2.183998e-05,	-6.701844e-07,	4.845764e-06,	6.172985e-05,	4.309413e-05,	-3.391861e-06,	-1.390536e-06,	-6.893857e-06,	-9.440130e-06,	1.013995e-05,	3.968304e-06,	-1.905554e-05,	-1.710200e-06,	-3.660769e-05,	1.798363e-05,	9.051708e-06,	-1.058976e-05,	6.260193e-04,	4.649025e-05,	-5.638281e-05,	-2.803398e-05,	8.461731e-06,	-6.852572e-05,	3.825295e-05,	1.280177e-05,	-1.418408e-05,	-3.069514e-05,	2.660194e-05,	-1.059088e-05,	-2.850072e-05,	9.483310e-06,	-6.279148e-05,	3.338423e-05,	1.432002e-05,	-1.283922e-05,	-4.465973e-05,	4.726905e-06,	3.151049e-05,	-2.723907e-05,	1.107198e-05,	-5.819182e-05,	3.078309e-05,	1.475028e-05,	-9.096632e-06,	-1.501247e-05,	1.027002e-05,	4.213061e-05,	-2.757071e-05,	1.120774e-05,	-5.886348e-05,	2.979208e-05,	1.698036e-05,	-4.959524e-06,	-5.292318e-06,	3.551347e-05,	4.268838e-05,	-2.791089e-05,	1.134696e-05,	-5.955234e-05,	2.976905e-05,	2.183998e-05,	-6.701844e-07,	4.845764e-06,	6.172985e-05,	4.309413e-05,
-8.969283e-06,	1.645067e-05,	-2.311683e-05,	1.788806e-05,	1.069808e-05,	3.777061e-06,	3.909739e-05,	-3.714226e-05,	1.063231e-05,	-1.148837e-06,	-1.990931e-06,	-2.654601e-06,	-7.090664e-06,	4.732226e-06,	9.809164e-07,	-4.804414e-06,	1.654607e-05,	-1.377002e-05,	8.183521e-06,	1.420153e-05,	-9.908136e-07,	4.649025e-05,	6.174346e-04,	1.791997e-05,	-1.283901e-05,	2.385409e-05,	-2.376793e-05,	1.177532e-05,	3.332599e-05,	8.513693e-07,	2.175777e-05,	-4.935484e-05,	9.863250e-06,	-9.804678e-06,	2.083363e-05,	-2.219349e-05,	1.272602e-05,	2.578769e-05,	9.522888e-07,	2.268604e-06,	-7.791663e-05,	1.462464e-06,	-8.741666e-06,	1.605733e-05,	-2.259295e-05,	1.315310e-05,	1.964357e-05,	1.686143e-06,	8.984709e-06,	-5.337615e-05,	1.062886e-05,	-8.854043e-06,	1.625152e-05,	-2.285157e-05,	1.474725e-05,	1.482685e-05,	2.717969e-06,	2.374752e-05,	-4.541617e-05,	1.056192e-05,	-8.969283e-06,	1.645067e-05,	-2.311683e-05,	1.788806e-05,	1.069808e-05,	3.777061e-06,	3.909739e-05,	-3.714226e-05,	1.063231e-05,
5.542066e-05,	6.693697e-06,	2.377377e-05,	-7.554115e-06,	-3.056094e-05,	1.303548e-05,	2.663009e-05,	-1.673987e-04,	-5.434210e-05,	6.740205e-06,	-8.147303e-07,	2.741274e-06,	-2.529162e-07,	-1.733352e-05,	-7.943604e-06,	2.551845e-05,	1.096431e-05,	1.697795e-05,	-7.975527e-06,	-1.467208e-06,	1.401064e-05,	-5.638281e-05,	1.791997e-05,	6.375399e-04,	6.220021e-05,	1.667473e-05,	2.296411e-05,	-1.246094e-05,	-3.792892e-07,	3.478479e-05,	-2.399354e-05,	-6.435001e-06,	-3.177199e-05,	5.674687e-05,	1.074478e-05,	2.484515e-05,	-1.266235e-05,	-3.067768e-06,	2.899294e-05,	9.659975e-06,	-3.732782e-05,	-6.410924e-05,	5.408868e-05,	6.533007e-06,	2.323424e-05,	-1.154699e-05,	-7.688562e-06,	2.356768e-05,	1.385181e-05,	-6.464947e-05,	-5.181767e-05,	5.474622e-05,	6.612389e-06,	2.350063e-05,	-9.891123e-06,	-1.644397e-05,	1.842736e-05,	2.012656e-05,	-1.150475e-04,	-5.345081e-05,	5.542066e-05,	6.693697e-06,	2.377377e-05,	-7.554115e-06,	-3.056094e-05,	1.303548e-05,	2.663009e-05,	-1.673987e-04,	-5.434210e-05,
4.095851e-04,	-3.137249e-05,	3.976197e-05,	-3.692167e-05,	-9.573309e-05,	7.246848e-05,	-4.178417e-05,	-5.606970e-04,	-1.788209e-05,	3.978214e-05,	3.206860e-06,	4.380894e-06,	1.172957e-04,	-1.930812e-03,	-1.481255e-06,	3.840286e-04,	-2.676119e-05,	3.248563e-05,	-2.980820e-05,	-1.644014e-05,	7.068578e-05,	-2.803398e-05,	-1.283901e-05,	6.220021e-05,	3.970691e-04,	-2.874625e-05,	3.608451e-05,	-3.202751e-05,	-1.724167e-05,	7.594136e-05,	-1.286375e-05,	3.440126e-06,	3.146661e-05,	3.978998e-04,	-2.904878e-05,	3.682216e-05,	-3.239642e-05,	-1.760469e-05,	7.670454e-05,	2.448052e-06,	-2.170407e-05,	-6.412707e-06,	4.017269e-04,	-3.073834e-05,	3.890815e-05,	-3.234342e-05,	-2.527014e-05,	7.575859e-05,	-4.769138e-06,	-1.554155e-04,	-1.317750e-05,	4.056063e-04,	-3.105099e-05,	3.932983e-05,	-3.368949e-05,	-5.005254e-05,	7.423719e-05,	-2.289686e-05,	-3.535489e-04,	-1.728337e-05,	4.095851e-04,	-3.137249e-05,	3.976197e-05,	-3.692167e-05,	-9.573309e-05,	7.246848e-05,	-4.178417e-05,	-5.606970e-04,	-1.788209e-05,
-2.952433e-05,	3.491114e-04,	-7.588871e-05,	1.336168e-04,	3.004106e-05,	1.478219e-05,	4.552545e-04,	3.503324e-05,	-4.946922e-06,	-3.043486e-06,	-3.356065e-05,	-6.770418e-06,	-1.672651e-03,	1.146279e-04,	-3.131340e-06,	-2.724279e-05,	3.319344e-04,	-6.588980e-05,	7.082528e-05,	2.580001e-05,	1.507388e-05,	8.461731e-06,	2.385409e-05,	1.667473e-05,	-2.874625e-05,	3.425839e-04,	-6.490720e-05,	7.165085e-05,	2.746962e-05,	1.628389e-05,	1.830133e-06,	5.011389e-06,	4.568954e-06,	-2.804493e-05,	3.388196e-04,	-6.653308e-05,	7.221223e-05,	2.699926e-05,	1.606978e-05,	1.375415e-05,	-9.136649e-06,	-4.771324e-06,	-2.892184e-05,	3.424829e-04,	-7.455385e-05,	7.751217e-05,	2.650351e-05,	1.568795e-05,	1.150777e-04,	9.902090e-07,	-3.858083e-06,	-2.921962e-05,	3.457552e-04,	-7.521259e-05,	9.681270e-05,	2.741022e-05,	1.526659e-05,	2.813540e-04,	1.763488e-05,	-4.714488e-06,	-2.952433e-05,	3.491114e-04,	-7.588871e-05,	1.336168e-04,	3.004106e-05,	1.478219e-05,	4.552545e-04,	3.503324e-05,	-4.946922e-06,
3.571797e-05,	-7.242338e-05,	1.304215e-03,	-5.800079e-04,	-1.689678e-04,	8.945585e-06,	-7.402839e-05,	-7.836462e-05,	-5.352310e-06,	3.840965e-06,	6.233344e-06,	1.182775e-04,	5.203255e-04,	-4.732796e-05,	3.673537e-07,	3.264802e-05,	-6.448995e-05,	1.257599e-03,	-5.575277e-04,	-1.564106e-04,	8.770808e-06,	-6.852572e-05,	-2.376793e-05,	2.296411e-05,	3.608451e-05,	-6.490720e-05,	1.272025e-03,	-5.637059e-04,	-1.582468e-04,	1.029057e-05,	-4.280928e-05,	-9.233126e-06,	7.055140e-06,	3.622405e-05,	-6.869014e-05,	1.275104e-03,	-5.661686e-04,	-1.584888e-04,	1.036517e-05,	-2.031219e-05,	-4.388996e-07,	-3.138992e-06,	3.492597e-05,	-7.118719e-05,	1.280857e-03,	-5.690236e-04,	-1.593085e-04,	9.970930e-06,	-3.788219e-05,	-1.940855e-05,	-4.733299e-06,	3.531643e-05,	-7.179833e-05,	1.292388e-03,	-5.735485e-04,	-1.626277e-04,	9.478139e-06,	-5.507659e-05,	-4.841971e-05,	-5.263967e-06,	3.571797e-05,	-7.242338e-05,	1.304215e-03,	-5.800079e-04,	-1.689678e-04,	8.945585e-06,	-7.402839e-05,	-7.836462e-05,	-5.352310e-06,
-3.269696e-05,	7.606465e-05,	-5.798600e-04,	3.550254e-04,	4.074409e-05,	-7.761714e-06,	9.788757e-05,	5.170008e-05,	9.404938e-06,	-3.253422e-06,	-7.130983e-06,	-5.275261e-05,	-4.058596e-04,	1.270562e-04,	2.003836e-07,	-3.007545e-05,	7.019794e-05,	-5.578643e-04,	3.359697e-04,	3.218535e-05,	-9.765173e-06,	3.825295e-05,	1.177532e-05,	-1.246094e-05,	-3.202751e-05,	7.165085e-05,	-5.637059e-04,	3.394067e-04,	3.309146e-05,	-1.056627e-05,	2.139317e-05,	5.927443e-06,	-2.669699e-06,	-3.219026e-05,	7.302891e-05,	-5.659108e-04,	3.404101e-04,	3.351080e-05,	-1.033570e-05,	8.048765e-06,	3.533655e-06,	6.099066e-06,	-3.203958e-05,	7.465399e-05,	-5.694426e-04,	3.422504e-04,	3.425360e-05,	-9.582999e-06,	3.206107e-05,	1.410935e-05,	8.768842e-06,	-3.236392e-05,	7.535076e-05,	-5.745854e-04,	3.469298e-04,	3.653255e-05,	-8.697812e-06,	6.405700e-05,	3.254754e-05,	9.285744e-06,	-3.269696e-05,	7.606465e-05,	-5.798600e-04,	3.550254e-04,	4.074409e-05,	-7.761714e-06,	9.788757e-05,	5.170008e-05,	9.404938e-06,
-1.822176e-05,	2.763511e-05,	-1.633087e-04,	3.894971e-05,	2.336665e-04,	1.212698e-05,	3.706295e-05,	5.795630e-05,	3.216131e-06,	-2.380473e-06,	-2.612113e-06,	-1.506438e-05,	-1.391949e-04,	-7.358176e-05,	9.430446e-08,	-1.586694e-05,	2.616405e-05,	-1.561994e-04,	3.209181e-05,	2.246020e-04,	1.080476e-05,	1.280177e-05,	3.332599e-05,	-3.792892e-07,	-1.724167e-05,	2.746962e-05,	-1.582468e-04,	3.309146e-05,	2.274043e-04,	1.095690e-05,	6.306437e-06,	1.281132e-05,	1.842905e-06,	-1.730589e-05,	2.741563e-05,	-1.588902e-04,	3.350301e-05,	2.271970e-04,	1.111440e-05,	3.639199e-06,	-7.993179e-06,	2.469773e-06,	-1.774739e-05,	2.711854e-05,	-1.603343e-04,	3.417363e-05,	2.271084e-04,	1.146164e-05,	1.150662e-05,	8.572133e-06,	3.865489e-06,	-1.798153e-05,	2.737364e-05,	-1.618026e-04,	3.589997e-05,	2.291277e-04,	1.180444e-05,	2.395130e-05,	3.284683e-05,	3.277752e-06,	-1.822176e-05,	2.763511e-05,	-1.633087e-04,	3.894971e-05,	2.336665e-04,	1.212698e-05,	3.706295e-05,	5.795630e-05,	3.216131e-06,
7.821378e-05,	1.523390e-05,	1.072452e-05,	-5.277614e-06,	-1.663509e-05,	8.453107e-05,	3.535260e-05,	-1.867707e-04,	-2.783694e-05,	8.867676e-06,	-1.665837e-06,	1.223537e-06,	-2.715230e-05,	-9.685839e-05,	-2.610473e-06,	7.117321e-05,	1.548963e-05,	8.842687e-06,	-9.467018e-06,	1.087011e-05,	8.936644e-05,	-1.418408e-05,	8.513693e-07,	3.478479e-05,	7.594136e-05,	1.628389e-05,	1.029057e-05,	-1.056627e-05,	1.095690e-05,	9.206164e-05,	-5.986385e-06,	2.970665e-07,	1.145187e-05,	7.618366e-05,	1.545868e-05,	1.073592e-05,	-1.057477e-05,	1.033559e-05,	9.153422e-05,	3.719459e-06,	-1.362418e-05,	-1.542790e-05,	7.646204e-05,	1.490508e-05,	1.048531e-05,	-9.892797e-06,	7.275756e-06,	8.972657e-05,	1.148987e-05,	-5.593384e-05,	-2.220123e-05,	7.732680e-05,	1.506750e-05,	1.060346e-05,	-8.203350e-06,	-1.298978e-06,	8.728662e-05,	2.319077e-05,	-1.200932e-04,	-2.698101e-05,	7.821378e-05,	1.523390e-05,	1.072452e-05,	-5.277614e-06,	-1.663509e-05,	8.453107e-05,	3.535260e-05,	-1.867707e-04,	-2.783694e-05,
-1.378995e-05,	2.247540e-05,	-7.603237e-05,	3.678979e-05,	1.258799e-05,	1.973876e-07,	3.320941e-06,	3.585997e-05,	2.146980e-05,	-1.664923e-06,	-2.777190e-06,	-8.854672e-06,	-1.268115e-05,	5.584394e-06,	1.974133e-06,	-7.124309e-06,	-9.832162e-06,	-1.251200e-05,	2.709441e-06,	4.276536e-06,	-4.151164e-06,	-3.069514e-05,	2.175777e-05,	-2.399354e-05,	-1.286375e-05,	1.830133e-06,	-4.280928e-05,	2.139317e-05,	6.306437e-06,	-5.986385e-06,	6.366499e-04,	1.597017e-05,	-9.328123e-06,	-1.478613e-05,	1.777321e-05,	-7.750936e-05,	4.334504e-05,	7.326767e-06,	-5.768231e-06,	-1.494814e-05,	5.973715e-06,	1.263855e-05,	-1.345866e-05,	2.192651e-05,	-7.428417e-05,	4.015524e-05,	8.013438e-06,	-4.002765e-06,	-3.720655e-05,	1.055500e-05,	2.102227e-05,	-1.362220e-05,	2.219753e-05,	-7.514719e-05,	3.749317e-05,	9.647503e-06,	-1.939834e-06,	-1.735442e-05,	2.297179e-05,	2.127323e-05,	-1.378995e-05,	2.247540e-05,	-7.603237e-05,	3.678979e-05,	1.258799e-05,	1.973876e-07,	3.320941e-06,	3.585997e-05,	2.146980e-05,
-7.838553e-06,	5.687261e-06,	-1.793810e-05,	1.126408e-05,	5.740415e-06,	6.270946e-06,	2.289205e-05,	-9.010223e-05,	1.043701e-05,	-1.062371e-06,	-6.820397e-07,	-2.079861e-06,	-2.807214e-06,	3.516385e-06,	9.500850e-07,	1.172489e-05,	3.579881e-07,	-1.048356e-06,	3.593533e-06,	-4.324735e-06,	-7.518116e-07,	2.660194e-05,	-4.935484e-05,	-6.435001e-06,	3.440126e-06,	5.011389e-06,	-9.233126e-06,	5.927443e-06,	1.281132e-05,	2.970665e-07,	1.597017e-05,	6.267471e-04,	2.372800e-05,	-6.470625e-06,	7.535311e-06,	-1.876796e-05,	6.814279e-06,	3.332874e-05,	2.832933e-06,	6.778498e-06,	-4.707082e-05,	2.075580e-05,	-7.628156e-06,	5.552453e-06,	-1.752765e-05,	7.768581e-06,	2.495397e-05,	4.210945e-06,	1.255311e-05,	-1.044010e-04,	1.058829e-05,	-7.732020e-06,	5.619009e-06,	-1.773028e-05,	9.238939e-06,	1.511595e-05,	5.230876e-06,	1.761925e-05,	-9.739244e-05,	1.038628e-05,	-7.838553e-06,	5.687261e-06,	-1.793810e-05,	1.126408e-05,	5.740415e-06,	6.270946e-06,	2.289205e-05,	-9.010223e-05,	1.043701e-05,
8.382205e-05,	1.006130e-05,	3.735190e-06,	7.093258e-06,	-3.373943e-05,	4.563268e-05,	4.767829e-05,	-2.399730e-04,	1.638851e-05,	1.022776e-05,	-1.227616e-06,	4.334730e-07,	-1.373444e-06,	-2.630078e-05,	-1.435940e-06,	-7.007738e-06,	-4.472870e-07,	5.771420e-06,	-1.394073e-06,	-4.256084e-08,	-9.517638e-06,	-1.059088e-05,	9.863250e-06,	-3.177199e-05,	3.146661e-05,	4.568954e-06,	7.055140e-06,	-2.669699e-06,	1.842905e-06,	1.145187e-05,	-9.328123e-06,	2.372800e-05,	6.817442e-04,	7.858338e-05,	1.051569e-05,	5.135038e-06,	-2.555187e-06,	2.926918e-06,	3.920939e-05,	1.258754e-05,	-1.269027e-05,	5.146675e-05,	8.180192e-05,	9.819023e-06,	3.652424e-06,	-4.386826e-07,	-1.754389e-06,	4.223545e-05,	2.867318e-05,	-8.458456e-05,	1.935484e-05,	8.279918e-05,	9.938742e-06,	3.693344e-06,	2.810540e-06,	-1.370909e-05,	4.397848e-05,	3.799643e-05,	-1.607979e-04,	1.684406e-05,	8.382205e-05,	1.006130e-05,	3.735190e-06,	7.093258e-06,	-3.373943e-05,	4.563268e-05,	4.767829e-05,	-2.399730e-04,	1.638851e-05,
4.350455e-04,	-3.288833e-05,	3.920731e-05,	-3.704097e-05,	-1.082886e-04,	8.604368e-05,	-4.288226e-05,	-6.307080e-04,	4.025645e-07,	4.288999e-05,	3.389309e-06,	4.317277e-06,	1.182556e-04,	-1.939351e-03,	2.043451e-07,	3.837638e-04,	-2.690477e-05,	3.238875e-05,	-2.984500e-05,	-1.641124e-05,	6.971240e-05,	-2.850072e-05,	-9.804678e-06,	5.674687e-05,	3.978998e-04,	-2.804493e-05,	3.622405e-05,	-3.219026e-05,	-1.730589e-05,	7.618366e-05,	-1.478613e-05,	-6.470625e-06,	7.858338e-05,	4.174593e-04,	-3.112891e-05,	3.610233e-05,	-3.269634e-05,	-1.932796e-05,	8.357732e-05,	2.579054e-06,	-3.847981e-05,	4.968861e-05,	4.265736e-04,	-3.221810e-05,	3.836695e-05,	-3.251503e-05,	-2.866835e-05,	8.571783e-05,	-3.152887e-06,	-1.783367e-04,	5.531036e-06,	4.307560e-04,	-3.254853e-05,	3.878200e-05,	-3.376827e-05,	-5.680913e-05,	8.599002e-05,	-2.261196e-05,	-3.995657e-04,	9.222978e-07,	4.350455e-04,	-3.288833e-05,	3.920731e-05,	-3.704097e-05,	-1.082886e-04,	8.604368e-05,	-4.288226e-05,	-6.307080e-04,	4.025645e-07,
-3.214552e-05,	3.677875e-04,	-8.132994e-05,	1.462363e-04,	3.107852e-05,	1.701488e-05,	5.097872e-04,	4.037898e-05,	9.214783e-07,	-3.361532e-06,	-3.583539e-05,	-7.398140e-06,	-1.678996e-03,	1.160591e-04,	-2.601412e-06,	-2.804818e-05,	3.315793e-04,	-6.778239e-05,	7.162093e-05,	2.582463e-05,	1.443964e-05,	9.483310e-06,	2.083363e-05,	1.074478e-05,	-2.904878e-05,	3.388196e-04,	-6.869014e-05,	7.302891e-05,	2.741563e-05,	1.545868e-05,	1.777321e-05,	7.535311e-06,	1.051569e-05,	-3.112891e-05,	3.553727e-04,	-6.920182e-05,	7.578980e-05,	2.735063e-05,	1.638996e-05,	3.390195e-05,	-6.238160e-06,	6.578482e-06,	-3.148008e-05,	3.607097e-04,	-7.987129e-05,	8.278542e-05,	2.695501e-05,	1.676562e-05,	1.350851e-04,	1.597566e-06,	2.020776e-06,	-3.180895e-05,	3.642038e-04,	-8.059112e-05,	1.048604e-04,	2.803406e-05,	1.691455e-05,	3.182934e-04,	2.056630e-05,	1.118101e-06,	-3.214552e-05,	3.677875e-04,	-8.132994e-05,	1.462363e-04,	3.107852e-05,	1.701488e-05,	5.097872e-04,	4.037898e-05,	9.214783e-07,
3.546104e-05,	-7.478870e-05,	1.322970e-03,	-5.918359e-04,	-1.715014e-04,	7.751760e-06,	-8.892125e-05,	-7.872116e-05,	-9.696152e-06,	3.804624e-06,	6.506531e-06,	1.204631e-04,	5.225308e-04,	-4.744097e-05,	-2.881907e-08,	3.292326e-05,	-6.454401e-05,	1.261012e-03,	-5.590525e-04,	-1.568667e-04,	9.190047e-06,	-6.279148e-05,	-2.219349e-05,	2.484515e-05,	3.682216e-05,	-6.653308e-05,	1.275104e-03,	-5.659108e-04,	-1.588902e-04,	1.073592e-05,	-7.750936e-05,	-1.876796e-05,	5.135038e-06,	3.610233e-05,	-6.920182e-05,	1.291863e-03,	-5.734192e-04,	-1.604903e-04,	1.045028e-05,	-6.171393e-05,	-1.093507e-05,	-7.567442e-06,	3.467560e-05,	-7.349847e-05,	1.299180e-03,	-5.783167e-04,	-1.617199e-04,	9.630279e-06,	-4.868090e-05,	-2.028212e-05,	-9.056312e-06,	3.506281e-05,	-7.413631e-05,	1.310924e-03,	-5.839919e-04,	-1.651122e-04,	8.716923e-06,	-6.787821e-05,	-4.904115e-05,	-9.575870e-06,	3.546104e-05,	-7.478870e-05,	1.322970e-03,	-5.918359e-04,	-1.715014e-04,	7.751760e-06,	-8.892125e-05,	-7.872116e-05,	-9.696152e-06,
-3.309730e-05,	8.013917e-05,	-5.894584e-04,	3.622709e-04,	4.107953e-05,	-7.453062e-06,	1.108766e-04,	5.178568e-05,	1.044371e-05,	-3.300812e-06,	-7.623048e-06,	-5.387194e-05,	-4.077523e-04,	1.273360e-04,	2.935236e-07,	-3.027783e-05,	7.029778e-05,	-5.596313e-04,	3.366539e-04,	3.248845e-05,	-9.774630e-06,	3.338423e-05,	1.272602e-05,	-1.266235e-05,	-3.239642e-05,	7.221223e-05,	-5.661686e-04,	3.404101e-04,	3.350301e-05,	-1.057477e-05,	4.334504e-05,	6.814279e-06,	-2.555187e-06,	-3.269634e-05,	7.578980e-05,	-5.734192e-04,	3.446641e-04,	3.395413e-05,	-1.031761e-05,	3.391693e-05,	3.257878e-06,	6.689381e-06,	-3.243024e-05,	7.863127e-05,	-5.788200e-04,	3.476676e-04,	3.464236e-05,	-9.478566e-06,	3.761955e-05,	1.348473e-05,	9.804369e-06,	-3.275936e-05,	7.937606e-05,	-5.840718e-04,	3.530662e-04,	3.687750e-05,	-8.492654e-06,	7.325726e-05,	3.227192e-05,	1.031763e-05,	-3.309730e-05,	8.013917e-05,	-5.894584e-04,	3.622709e-04,	4.107953e-05,	-7.453062e-06,	1.108766e-04,	5.178568e-05,	1.044371e-05,
-2.117590e-05,	2.749252e-05,	-1.652605e-04,	3.928907e-05,	2.393007e-04,	1.316769e-05,	3.645003e-05,	6.817148e-05,	7.794016e-06,	-2.739138e-06,	-2.593653e-06,	-1.529232e-05,	-1.393603e-04,	-7.262507e-05,	5.136496e-07,	-1.593947e-05,	2.568056e-05,	-1.563579e-04,	3.236268e-05,	2.243305e-04,	1.031041e-05,	1.432002e-05,	2.578769e-05,	-3.067768e-06,	-1.760469e-05,	2.699926e-05,	-1.584888e-04,	3.351080e-05,	2.271970e-04,	1.033559e-05,	7.326767e-06,	3.332874e-05,	2.926918e-06,	-1.932796e-05,	2.735063e-05,	-1.604903e-04,	3.395413e-05,	2.302237e-04,	1.081720e-05,	3.529269e-06,	1.807883e-05,	6.897601e-06,	-2.063063e-05,	2.697957e-05,	-1.622411e-04,	3.460374e-05,	2.312676e-04,	1.160393e-05,	1.119975e-05,	1.331685e-05,	8.407575e-06,	-2.089976e-05,	2.723289e-05,	-1.637317e-04,	3.629282e-05,	2.338801e-04,	1.238930e-05,	2.349373e-05,	4.027483e-05,	7.820593e-06,	-2.117590e-05,	2.749252e-05,	-1.652605e-04,	3.928907e-05,	2.393007e-04,	1.316769e-05,	3.645003e-05,	6.817148e-05,	7.794016e-06,
